00001010000011010000110100001010110001000000000000000000000000000100110100111100001010110001101000000001000000000000000000000000
11111111111111111111111111111111111111111111111111111111111111110000001000000000001101100000000001001001011011100111010001100101
01101100001010000101001000101001001000000100001101101111011100100110010100101000010101000100110100101001001000000110100100110111
00101101001100110011010100110100001100000100110100100000010000110101000001010101001000000100000000100000001100110010111000110000
00110000010001110100100001111010001000000010100001110111011010010111010001101000001000000101001101010011010001010011010000101110
00110010001010010000000000000000000000110000000000101011000000000011011000110100001011010110001001101001011101000010000001010111
01101001011011100110010001101111011101110111001100100000001101110010000001010011011001010111001001110110011010010110001101100101
00100000010100000110000101100011011010110010000000110001001011000010000001100010011101010110100101101100011001000010000000110111
00110110001100000011000100000000000001000000000000110010000000000100010001110101011011010111000001100011011000010111000000100000
00101000010101110110100101110010011001010111001101101000011000010111001001101011001010010010000000110100001011100011000000101110
00110011001000000010100001110110001101000010111000110000001011100011001100101101001100000010110101100111011000110011010100110101
00110010011001100011011100110100011000110110010001100011001100100011001100101001000000000000000000000000000000000000000000000000
11000100000000000000000000000000000000010000000000000000000000001010100000000000000000000000000000000001000000000000000000000000
00000000000000000000010000000000000000100000000000110010000000000101110001000100011001010111011001101001011000110110010101011100
01001110010100000100011001011111011110110011010101000110001110010011001100111000010001010100000101000011001011010100010000110110
01000001001101110010110100110100001101110011010000110101001011010100001001000101001101100100010000101101001101010011100100110110
01000011010000110100001000110111010000100011010101000101010000100100011001111101000000000000000000000011000000000001101000000000
01011011010100000011000101011101001000000100110001101111011000110110000101101100001000000100000101110010011001010110000100100000
01000011011011110110111001101110011001010110001101110100011010010110111101101110000000000000000000001001000000000000000100000000
00000110000000000000000000000000000011000000000000101011000000000011011000110100001011010110001001101001011101000010000001010111
01101001011011100110010001101111011101110111001100100000001101110010000001010011011001010111001001110110011010010110001101100101
00100000010100000110000101100011011010110010000000110001001011000010000001100010011101010110100101101100011001000010000000110111
00110110001100000011000100000000000000000000000000000000000000001010100000000000000000000000000000000110000000000000000000000000
01100100000000000000000000000000000000000000000000000000000000000100010011110100000001010000000001111011001010100000010000010110
01000010000000000000000000000000010000100000000000000000000000000000000000001110100011001000101010011101000001110000000000011011
00011011101111111111101011001001000010000000000001000101000000000000000000110100001110011110111101000000000000001000000000000110
00000000000000001100000010101000000010110000101011000000101010000000101100000001110000000100100000000000011001100010001010111001
11111010101101110000000000000000000000000000000010000000000000100010000000000000100101111000001000000000000000000000001000000100
00000101101101000000000100000011000000110000001000000001000000010000010000000010000000000000000001100100000000000000000000000000
00000110000000000000000000000000010111000000000000000000000000000000000000000000000000000000000001000100111101000000010100000000
01011111001110110000010000010110001111000000000000000000000000000011110000000000000000000000000011111111111111111111111111111111
11111111111111110000000000001110100011001000101010011101000001110000100000000110000000000000000100001000000000000000011000000100
00000000000000010000000000001110100011001000101010011101000001111100000010101000000010110000000100011110000001101100101011101010
11000000101010001100000010101000000010110000101000000000000000000000000000000000000000000000000000000000000000000000000000000000
00000000000000000000000000000000000000000000000000000000000000000101110000000000000000000000000000000110000000000000000000000000
01001100000000000000000000000000000000000000000000000000000000000100010011110100000001010000000010001100001110110000010000010110
00101010000000000000000000000000001010100000000000000000000000000000000000001110100011001000101010011101000001110000000000011011
00011011101111111111101011001001000010000000011000000000000000010000100000000000000001100000010000000000000000100000000000011011
00011011101111111111101011001001110000001010100000001011000010100000000000001110100011001000101010011101000001111100000010101000
00001011000000010000000000000000010011000000000000000000000000000000011000000000000000000000000001011100000000000000000000000000
00000000000000000000000000000000010001001111010000000101000000001110101001000010000001000001011000111100000000000000000000000000
00111100000000000000000000000000000000000001101100011011101111111111101011001001000000000000111010001100100010101001110100000111
00001000000000000100010100000000000000000010110000111101000101110000000000000000000111100000011011001000010110011100000010101000
00001011000000011100000010101000000010110000101000000000011001101100000001001000000000001001110010001111011000000010001010111001
11111010101110000110000000010010000100000000000010000010100111010000000000000000000000100000010000000101101101000000000000000000
01011100000000000000000000000000000001100000000000000000000000000101100000000000000000000000000000000000000000000000000000000000
01000100111101000000010100000000010101010100001100000100000101100011011000000000000000000000000000110110000000000000000000000000
00000000000011101000110010001010100111010000011100000000000110110001101110111111111110101100100100001000000000000100010100000000
00000000001010000011100111110000010000000000000010000000000001100000000000000000110000001010100000001011000010101100000010101000
00001011000000011100000001001000000000000110011000100010101110011111101010111000000000001001110010001111011000010101000000010000
11111010111100001001011101110110000000000000000000000000000000000101100000000000000000000000000000000110000000000000000000000000
01101100000000000000000000000000000000000000000000000000000000000100010011110100000001010000000010100100010001000000010000010110
01001100000000000000000000000000010011000000000000000000000000000000000000001110100011001000101010011101000001110000000000011011
00011011101111111111101011001001000010000000000001000101000000000000000000111110001110011111000101000000000000001000000000000110
00000000000000001100000010101000000010110000101011000000101010000000101100000001110000000100100000000000011001100010001010111001
11111010101110000000000010011100100011110110000101010000000110001111101011110000100101111000110000000000000000000000001100000000
00000000000101100001000111100000000000000000000000000000000011100000000011000001000000100000000100000000110000100000001000000001
00000010110000000000000100001010011011000000000000000000000000000000011000000000000000000000000001101100000000000000000000000000
00000000000000000000000000000000010001001111010000000101000000000001101001101010000001000001011001001100000000000000000000000000
01001100000000000000000000000000000000000001101100011011101111111111101011001001000000000000111010001100100010101001110100000111
00001000000000000100010100000000000000000011111000111101000110000000000000000000000111100000011011001000010001101100000010101000
00001011000000011100000010101000000010110000101000000000011001101100000001001000000000001001110010001111011000010010001010111001
11111010110011100101000000011000000100000000000001111011110111100000000000000000000000110000000000000000000101100001000111010000
00000000000011100000000000000101000000001100000100000010000000010000000011000010000000100000000100000010110000000000000100001010
01101100000000000000000000000000000001100000000000000000000000000111000000000000000000000000000000000000000000000000000000000000
01000100111101000000010100000000100110110110110000000100000101100100111100000000000000000000000001001111000000000000000000000000
00000000000011101000110010001010100111010000011100000000000110110001101110111111111110101100100100001000000000000100010100000000
00000000010000010011100111110010010000000000000010000000000001100000000000000000110000001010100000001011000010101100000010101000
00001011000000011100000001001000000000000110011000100010101110011111101011001110000000001001110010001111011101110101000000011000
11111010110110101001011110001111000000000000000000000011000000000000000000011001000000101111000010000000001100100000000100000000
00000000000000100000000000000000000010000000000000000000111100000000000000000000000000100000000000000010000000011110000000000000
01110000000000000000000000000000000001100000000000000000000000000111010000000000000000000000000000000000000000000000000000000000
01000100111101000000010100000000011010011000010100000100000101100101000100000000000000000000000001010001000000000000000000000000
00000000000110110001101110111111111110101100100100000000000011101000110010001010100111010000011100001000000000000100010100000000
00000000010000110011110100011001000000000000000000011110000001101100100001000000110000001010100000001011000000011100000010101000
00001011000010100000000001100110110000000100100000000000100111001000111101110111001000101011100111111010111001110101000000011000
00010000000000000001001111000010000000000000000000000011000000000000000000011011000000101111000010000000001100100000001100000000
00000000000000100000000000000000000010000000000000000000000000000000000011110000000000000000000000000010000000000000001000000000
11110000000000000000000000000000011101000000000000000000000000000000011000000000000000000000000001100000000000000000000000000000
00000000000000000000000000000000010001001111010000000101000000000111010010000110000001000001011000111101000000000000000000000000
00111101000000000000000000000000000000000000111010001100100010101001110100000111000000000001101100011011101111111111101011001001
00001000000000000100010100000000000000000010111100111001111100110100000000000000100000000000011000000000000000001100000010101000
00001011000010101100000010101000000010110000000111000000010010000000000001100110001000101011100111111010111001110000000010011100
10001111100100100101000000011000111110101011111110010111011111010000000000000000000000110000000000000000000001110000001011110000
00000000000000000000000000000000011000000000000000000000000000000000011000000000000000000000000001111000000000000000000000000000
00000000000000000000000000000000010001001111010000000101000000000010110110001000000001000001011001010111000000000000000000000000
01010111000000000000000000000000000000000000111010001100100010101001110100000111000000000001101100011011101111111111101011001001
00001000000000000100010100000000000000000100100100111001111101000100000000000000100000000000011000000000000000001100000010101000
00001011000010101100000010101000000010110000000111000000010010000000000001100110001000101011100111111010111011100000000010011100
10001111100100100101000000011000111110101011111110010111100101110000000000000000000000110000000000000000001000010000001011110000
10000000001100100000011100000000000000000000001100000000000000000000100000000000000010000000000000000001000100100000010000010001
01000100000000010000000011111111000010010000000000000100000000010011001000000000000001000000000001111000000000000000000000000000
00000110000000000000000000000000101010000000000000000000000000000000000000000000000000000000000001000100111101000000010100000000
00001101110000000000010000010110100001110000000000000000000000001000011100000000000000000000000000000000000110110001101110111111
11111010110010010000000000001110100011001000101010011101000001110000100000000000010001010000000000000000011110010011110100011010
00000000000000000001111000000110110010000000100111000000101010000000101100000001110000001010100000001011000010100000000001100110
11000000010010000000000010011100100011111001001000100010101110011111101100001111010100000001100000010000000000000000011010110100
00000000000000000000001100000000000000000101000100000010111100001000000000110010000001110000000000000000000000110000000000000000
00001100000000000011010000000000000000010001001000001000000100101000010000000001000000100000000000000000000000000000000011111111
00001001000000000011000000000001001100100000000000000100000000000010100000000000000000010000000000000100000000000000000100000000
00000000000000000000000100000000000000100000000000000000000000000000000001010110010101101111110000000001100100010111111110000100
00001011101111100101101100000010010101100000000000000000000000000000000000000000000000000000000000000000000000000000000000000000
00000000000000000000000000000000101010000000000000000000000000000000011000000000000000000000000001100000000000000000000000000000
00000000000000000000000000000000010001001111010000000101000000000010000011000001000001000001011000111101000000000000000000000000
00111101000000000000000000000000000000000000111010001100100010101001110100000111000000000001101100011011101111111111101011001001
00001000000000000100010100000000000000000010111100111001111101010100000000000000100000000000011000000000000000001100000010101000
00001011000010101100000010101000000010110000000111000000010010000000000001100110001000101011100111111011000011110000000010011100
10001111111000110101000000011000111110100110111010010111011111010000000000000000000000110000000000000000000001110000001011110000
00000000000000000000000000000000011000000000000000000000000000000000011000000000000000000000000001111000000000000000000000000000
00000000000000000000000000000000010001001111010000000101000000000101110011000100000001000001011001010111000000000000000000000000
01010111000000000000000000000000000000000000111010001100100010101001110100000111000000000001101100011011101111111111101011001001
00001000000000000100010100000000000000000100100100111001111101100100000000000000100000000000011000000000000000001100000010101000
00001011000010101100000010101000000010110000000111000000010010000000000001100110001000101011100111111011000101100000000010011100
10001111111000110101000000011000111110100110111010010111100101110000000000000000000000110000000000000000001000010000001011110000
10000000001100100000011100000000000000000000010000000000000000000000100000000000000010000000000000000001000100100000010000010001
01000100000000010000000011111111000010010000000000000100000000000000000000000000000000000000000001111000000000000000000000000000
00000110000000000000000000000000010010000000000100000000000000000000000000000000000000000000000001000100111101000000010100000000
10101000111110100000010000010110001001110000000100000000000000000010011100000001000000000000000000000000000110110001101110111111
11111010110010010000000000001110100011001000101010011101000001110000100000000000010001010000000000000001000110010011110100011011
00000000000000000001111000000110110001110110100011000000101010000000101100000001110000001010100000001011000010100000000001100110
11000000010010000000000010011100100011111110001100100010101110011111101100110111010100000001100000010000000000001110110011111101
00000000000000000000001100000000000000001111000100000010111100001000000000110010000001110000000000000000000001000000000000000000
00001100000000001101010000000000000000010001001000001000000100101000010000000001000000100000000000000000000000000000000011111111
00001001000000001101000000000000000000000000000000000000000000000000001000000000011001000000000000000000000011110000000000000000
00010001000000010001000100001111000100010000000000010010000000010001001000001111000100100000000000010011000000000001010000001111
00010100000000000001010100000001000101010000000000010111000000010001011100001111000101110000000000011000000000010001100000001111
00011000000000000001100100001111000110010000000000011010000011110001101000000000000110110000111100011011000000000001110000000001
00011100000011110001110000000000001000010000101000100001000011110010000100000010001000100000000000100011000011110010001100000000
00100100000000010010010000000100001001000000010100100100000000000010010100000001001001010000001000100101000011110010010100000001
00110001000000010011001000000010001100100000000000110110000000010011011000001111001101100000000000110111000000010011011100001111
00110111000000000011100000000001001110000000001000111000000011110011100000000001001110010000000001110100000000010111010000001111
01110100000001011001000100001010100100010000110010010001000011011001000100000000100100100000001010010010000001101001001000001111
10010010000000001001010000000010100101000000011010010100000001111001010000001111100101000000000010010101000000011001010100001111
10010101000001101001011000001100100101100000110010010111000011011001011100000001100110100000001010011010000011111001101000000000
10110001000000001011001000000000101100110000000010110100000000011011010100000010101101010000001110110101000001001011010100000101
10110101000001101011010100000111101101010000100010110101000000011011011000000010101101100000001110110110000001001011011000000000
10100000000000011010000000000000010010000000000100000000000000000000011000000000000000000000000001100000000000000000000000000000
00000000000000000000000000000000010001001111010000000101000000001010100011111011000001000001011000111101000000000000000000000000
00111101000000000000000000000000000000000000111010001100100010101001110100000111000000000001101100011011101111111111101011001001
00001000000000000100010100000000000000000010111100111001111101110100000000000000100000000000011000000000000000001100000010101000
00001011000010101100000010101000000010110000000111000000010010000000000001100110001000101011100111111011001101110000000010011100
10010000110101000101000000011000111110010111110110010111011111010000000000000000000000110000000000000000000001110000001011110000
00000000000000000000000000000000011000000000000000000000000000000000011000000000000000000000000001111000000000000000000000000000
00000000000000000000000000000000010001001111010000000101000000000010110111111111000001000001011001010111000000000000000000000000
01010111000000000000000000000000000000000000111010001100100010101001110100000111000000000001101100011011101111111111101011001001
00001000000000000100010100000000000000000100100100111001111110000100000000000000100000000000011000000000000000001100000010101000
00001011000010101100000010101000000010110000000111000000010010000000000001100110001000101011100111111011001111100000000010011100
10010000110101000101000000011000111110010111110110010111100101110000000000000000000000110000000000000000001000010000001011110000
10000000001100100000011100000000000000000000010100000000000000000000100000000000000010000000000000000001000100100000010000010001
01000100000000010000000011111111000010010000000000000100000000010001000100000000000000010000000001111000000000000000000000000000
00000110000000000000000000000000100111000000000000000000000000000000000000000000000000000000000001000100111101000000010100000000
11000100001111000000010100010110011110110000000000000000000000000111101100000000000000000000000000000000000110110001101110111111
11111010110010010000000000001110100011001000101010011101000001110000100000000000010001010000000000000000011011010011110100011100
00000000000000000001111000000110110010000001001111000000101010000000101100000001110000001010100000001011000010100000000001100110
11000000010010000000000010011100100100001101010000100010101110011111101101011111010100000001100000010000000000001111111101000001
00000000000000000000001100000000000000000100010100000010111100001000000000110010000001110000000000000000000001010000000000000000
00001100000000000010100000000000000000010001001000001000000100101000010000000001000000100000000000000000000000000000000011111111
00001001000000000010010000000001000100010000000000000001000000000001110000000000000000010000000000000001001101100100010101010011
00110111001000000011001100110001001101010010110100110010010001100100100000110001001100110010110100110000010000010100001000110000
00100000000000001100000000000000000001000000000000000001000000001001110000000000000000000000000000000110000000000000000000000000
01100000000000000000000000000000000000000000000000000000000000000100010011110100000001010000000011011110001111010000010100010110
00111101000000000000000000000000001111010000000000000000000000000000000000001110100011001000101010011101000001110000000000011011
00011011101111111111101011001001000010000000000001000101000000000000000000101111001110011111100101000000000000001000000000000110
00000000000000001100000010101000000010110000101011000000101010000000101100000001110000000100100000000000011001100010001010111001
11111011010111110000000010011100100100010001100101010000000110001111100100111000100101110111110100000000000000000000001100000000
00000000000001110000001011110000000000000000000000000000000000000110000000000000000000000000000000000110000000000000000000000000
11011100000000000000000000000000000000000000000000000000000000000100010011110100000001010000000000011101001111100000010100010110
10111001000000000000000000000000101110010000000000000000000000000000000110000000110000100000000000000000000011100000000000011011
00011011101111111111101011001001100010001100110000000010000010000000011101110000011000110111001100110111001011010111000001100011
00000100000010010000011101110000011011110111001001110100001011010011000000110000001100010000011000000010000000000001010000001010
00000111010100000100001101010011001101110010110101010000010000110000110001001000010100110100100101000101010011010100010101001110
01010011001000000100000101000111001000000101001101001001010011010100000101010100010010010100001100100000010001100110100101100101
01101100011001000010000001010000010001110010000001001101001101000010110000110110010001010101001100110111001101110011000100110110
00101101001100100100001101000001001100010011000000101101001100000100001101000010001101000010110001000110001101010011100100110101
00110011001101100011011100111000001000000010101100100000011001010110111001100111011010010110111001100101011001010111001001101001
01101110011001110000111000000100000000001000000000000000100000000001000000010100000001010000000100000000000000000000000000000000
00000010000000000000000000000000000000010000100000101011000001100000000100000100000000011000000111000000011011101111111000001000
00000000000011101100111100000010000000000000000000000000000000001111111000001010000000000000111011001111000001010000000000011011
00011011101111111111101011001001111111100000100100000000000100100000111100000001000000111110110000000011000000000001111000000000
00000000000000000000000000000000110111000000000000000000000000000000011000000000000000000000000001111000000000000000000000000000
00000000000000000000000000000000010001001111010000000101000000000011100001000001000001010001011001010111000000000000000000000000
01010111000000000000000000000000000000000000111010001100100010101001110100000111000000000001101100011011101111111111101011001001
00001000000000000100010100000000000000000100100100111001111110100100000000000000100000000000011000000000000000001100000010101000
00001011000010101100000010101000000010110000000111000000010010000000000001100110001000101011100111111011011001100000000010011100
10010001000110010101000000011000111110010011100010010111100101110000000000000000000000110000000000000000001000010000001011110000
10000000001100100000011100000000000000000000011000000000000000000000100000000000000010000000000000000001000100100000010000010001
01000100000000010000000011111111000010010000000000000100000001000010010000000000000000000000000001111000000000000000000000000000
00000110000000000000000000000000100000000000000000000000000000000000000000000000000000000000000001000100111101000000010100000000
10111111010011000000010100010110011000000000000000000000000000000110000000000000000000000000000000000001100000001100001000000000
00000000000011100000000000001110100011001000101010011101000010001000100011001100000000100000100000000111011100000110111000101101
01101001011011110010110100110001000001000000100100000111011100000110111101110010011101000010110100110000001100000011000100000110
00000010000000000001010000010000000101000000010100000001110000001010100000001011000000010000001000000000000000000000000000000001
00001000001010110000011000000001000001000000000110000001110000000110111011111110000010000000000000001110110011110000001000000000
00000000000000000000000011111110000010100000000000001110110011110000010100000000000011101000110010001010100111010000011111111110
00001001000000000001001000001111000000010000001101101100000000000000000000010000000000000000000010000000000000000000000000000000
00000110000000000000000000000000010111000000000000000000000000000000000000000000000000000000000001000100111101000000010100000000
01011000010101000000010100010110001111000000000000000000000000000011110000000000000000000000000000000000000110110001101110111111
11111010110010010000000000001110100011001000101010011101000001110000100000000000010001010000000000000000001010000011110100011101
00000000000000000001111000000110110010000101011111000000101010000000101100000001110000001010100000001011000010100000000001100110
11000000010010000000000010011100100100010001100100100010101110011111101110000111010100000001000000001111110111001001011111110111
00000000000000000000000000000000000000000000000000000000000000000101110000000000000000000000000000000110000000000000000000000000
10010100000000000000000000000000000000000000000000000000000000000100010011110100000001010000000000111111100000110000010100010110
01110011000000000000000000000000011100110000000000000000000000000000000000011011000110111011111111111010110010010000000000001110
10001100100010101001110100000111000010000000000001000101000000000000000001100101001111010001111000000000000000000001111000000110
11001000000110011100000010101000000010110000000111000000101010000000101100001010000000000110011011000000010010000000000010011100
10010001000110010010001010111001111110111000011101010000000110000001000000000000001100101101111000000000000000000000001100000000
00000000001111010000001011110000100000000011001000000111000000000000000000000110000000000000000000001100000000000010000000000000
00000001000100100000100000010010100001000000000100000010000000000000000000000000000000001111111100001001000000000001110000000100
00100100000000000000000000000000000101000000000000000001010100010100010011111111000010000000000000000000000000000000000000000000
00000000000000000000000000000011000100000001000100010000001101100100100010000111000001110000000010010100000000000000000000000000
00000110000000000000000000000000011000000000000000000000000000000000000000000000000000000000000001000100111101000000010100000000
00101011100001000000010100010110001111010000000000000000000000000011110100000000000000000000000000000000000011101000110010001010
10011101000001110000000000011011000110111011111111111010110010010000100000000000010001010000000000000000001011110011100111111011
01000000000000001000000000000110000000000000000011000000101010000000101100001010110000001010100000001011000000011100000001001000
00000000011001100010001010111001111110111000011100000000100111001001000101010110010100000001100011111000111110111001011101111101
00000000000000000000001100000000000000000000011100000010111100000000000000000000000000000000000001100000000000000000000000000000
00000101000000000000000000000000011011000000000000000000000000000000000000000000000000000000000001000100111101000000010100000000
10100101000010000000100100010110000000010000000000011100000000000100001101101111011101010110111001110100011001010111001001110011
00100000011100000111001001101111011101100110100101100100011001010110010000100000011000100111100100100000011001000111010101101101
01110000011000110110000101110000000000100000000000001000000000000100010011110100000001010000000011011000000100011101111100010101
00000011000000000000100000000000010001001111010000000101000000001010010100001000000010010001011000000100000000000000100000000000
00011001000000000000000000000000000000000000000000000000000000000000010100000000000010000000000000000000000000000000000000000000
