0000   0a 0d 0d 0a c4 00 00 00 4d 3c 2b 1a 01 00 00 00
0010   ff ff ff ff ff ff ff ff 02 00 36 00 49 6e 74 65
0020   6c 28 52 29 20 43 6f 72 65 28 54 4d 29 20 69 37
0030   2d 33 35 34 30 4d 20 43 50 55 20 40 20 33 2e 30
0040   30 47 48 7a 20 28 77 69 74 68 20 53 53 45 34 2e
0050   32 29 00 00 03 00 2b 00 36 34 2d 62 69 74 20 57
0060   69 6e 64 6f 77 73 20 37 20 53 65 72 76 69 63 65
0070   20 50 61 63 6b 20 31 2c 20 62 75 69 6c 64 20 37
0080   36 30 31 00 04 00 32 00 44 75 6d 70 63 61 70 20
0090   28 57 69 72 65 73 68 61 72 6b 29 20 34 2e 30 2e
00a0   33 20 28 76 34 2e 30 2e 33 2d 30 2d 67 63 35 35
00b0   32 66 37 34 63 64 63 32 33 29 00 00 00 00 00 00
00c0   c4 00 00 00 01 00 00 00 a8 00 00 00 01 00 00 00
00d0   00 00 04 00 02 00 32 00 5c 44 65 76 69 63 65 5c
00e0   4e 50 46 5f 7b 35 46 39 33 38 45 41 43 2d 44 36
00f0   41 37 2d 34 37 34 35 2d 42 45 36 44 2d 35 39 36
0100   43 43 42 37 42 35 45 42 46 7d 00 00 03 00 1a 00
0110   5b 50 31 5d 20 4c 6f 63 61 6c 20 41 72 65 61 20
0120   43 6f 6e 6e 65 63 74 69 6f 6e 00 00 09 00 01 00
0130   06 00 00 00 0c 00 2b 00 36 34 2d 62 69 74 20 57
0140   69 6e 64 6f 77 73 20 37 20 53 65 72 76 69 63 65
0150   20 50 61 63 6b 20 31 2c 20 62 75 69 6c 64 20 37
0160   36 30 31 00 00 00 00 00 a8 00 00 00 06 00 00 00
0170   80 00 00 00 00 00 00 00 43 f4 05 00 7b c6 c0 be
0180   60 00 00 00 60 00 00 00 01 80 c2 00 00 0e 00 0e
0190   8c 8a 9b ec 88 cc 02 08 07 70 6e 2d 69 6f 2d 32
01a0   04 09 07 70 6f 72 74 2d 30 30 31 06 02 00 14 10
01b0   14 05 01 c0 a8 0b 02 02 00 00 00 01 08 2b 06 01
01c0   04 01 81 c0 6e fe 08 00 0e cf 02 00 00 00 00 fe
01d0   0a 00 0e cf 05 00 0e 8c 8a 9b eb fe 09 00 12 0f
01e0   01 03 6c 00 00 10 00 00 80 00 00 00 06 00 00 00
01f0   dc 00 00 00 00 00 00 00 43 f4 05 00 b9 18 c1 be
0200   b9 00 00 00 b9 00 00 00 01 80 c2 00 00 0e 00 1b
0210   1b bf fa c9 88 cc 02 08 07 70 63 73 37 2d 70 63
0220   04 09 07 70 6f 72 74 2d 30 30 31 06 02 00 14 0a
0230   07 50 43 53 37 2d 50 43 0c 48 53 49 45 4d 45 4e
0240   53 20 41 47 20 53 49 4d 41 54 49 43 20 46 69 65
0250   6c 64 20 50 47 20 4d 34 2c 36 45 53 37 37 31 36
0260   2d 32 43 41 31 30 2d 30 43 42 34 2c 46 35 39 35
0270   33 36 37 38 20 2b 20 65 6e 67 69 6e 65 65 72 69
0280   6e 67 0e 04 00 80 00 80 10 14 05 01 00 00 00 00
0290   02 00 00 00 01 08 2b 06 01 04 01 81 c0 6e fe 08
02a0   00 0e cf 02 00 00 00 00 fe 0a 00 0e cf 05 00 1b
02b0   1b bf fa c9 fe 09 00 12 0f 01 03 ec 03 00 1e 00
02c0   00 00 00 00 dc 00 00 00 06 00 00 00 80 00 00 00
02d0   00 00 00 00 43 f4 05 00 66 26 c1 be 60 00 00 00
02e0   60 00 00 00 01 80 c2 00 00 0e 00 0e 8c 8a 9c e3
02f0   88 cc 02 08 07 70 6e 2d 69 6f 2d 34 04 09 07 70
0300   6f 72 74 2d 30 30 31 06 02 00 14 10 14 05 01 c0
0310   a8 0b 04 02 00 00 00 01 08 2b 06 01 04 01 81 c0
0320   6e fe 08 00 0e cf 02 00 00 00 00 fe 0a 00 0e cf
0330   05 00 0e 8c 8a 9c e2 fe 09 00 12 0f 01 03 6c 00
0340   00 10 00 00 80 00 00 00 06 00 00 00 80 00 00 00
0350   00 00 00 00 43 f4 05 00 b4 36 c9 be 60 00 00 00
0360   60 00 00 00 01 80 c2 00 00 0e 00 0e 8c 8a 9d 30
0370   88 cc 02 08 07 70 6e 2d 69 6f 2d 33 04 09 07 70
0380   6f 72 74 2d 30 30 31 06 02 00 14 10 14 05 01 c0
0390   a8 0b 03 02 00 00 00 01 08 2b 06 01 04 01 81 c0
03a0   6e fe 08 00 0e cf 02 00 00 00 00 fe 0a 00 0e cf
03b0   05 00 0e 8c 8a 9d 2f fe 09 00 12 0f 01 03 6c 00
03c0   00 10 00 00 80 00 00 00 06 00 00 00 5c 00 00 00
03d0   00 00 00 00 43 f4 05 00 e6 db cb be 3c 00 00 00
03e0   3c 00 00 00 ff ff ff ff ff ff 00 0e 8c 8a 9c e2
03f0   08 06 00 01 08 00 06 04 00 01 00 0e 8c 8a 9c e2
0400   c0 a8 0b 04 13 cc 33 cc 33 c4 c0 a8 0b 02 00 00
0410   00 00 00 00 00 00 00 00 00 00 00 00 00 00 00 00
0420   5c 00 00 00 06 00 00 00 80 00 00 00 00 00 00 00
0430   43 f4 05 00 4d 50 02 bf 60 00 00 00 60 00 00 00
0440   01 80 c2 00 00 0e 00 0e 8c 8a 9d 08 88 cc 02 08
0450   07 70 6e 2d 69 6f 2d 31 04 09 07 70 6f 72 74 2d
0460   30 30 31 06 02 00 14 10 14 05 01 c0 a8 0b 01 02
0470   00 00 00 01 08 2b 06 01 04 01 81 c0 6e fe 08 00
0480   0e cf 02 00 00 00 00 fe 0a 00 0e cf 05 00 0e 8c
0490   8a 9d 07 fe 09 00 12 0f 01 03 6c 00 00 10 00 00
04a0   80 00 00 00 06 00 00 00 80 00 00 00 00 00 00 00
04b0   43 f4 05 00 c1 0e 0d bf 60 00 00 00 60 00 00 00
04c0   01 80 c2 00 00 0e 00 0e 8c 8a 9b ec 88 cc 02 08
04d0   07 70 6e 2d 69 6f 2d 32 04 09 07 70 6f 72 74 2d
04e0   30 30 31 06 02 00 14 10 14 05 01 c0 a8 0b 02 02
04f0   00 00 00 01 08 2b 06 01 04 01 81 c0 6e fe 08 00
0500   0e cf 02 00 00 00 00 fe 0a 00 0e cf 05 00 0e 8c
0510   8a 9b eb fe 09 00 12 0f 01 03 6c 00 00 10 00 00
0520   80 00 00 00 06 00 00 00 80 00 00 00 00 00 00 00
0530   43 f4 05 00 b2 6e 0d bf 60 00 00 00 60 00 00 00
0540   01 80 c2 00 00 0e 00 0e 8c 8a 9c e3 88 cc 02 08
0550   07 70 6e 2d 69 6f 2d 34 04 09 07 70 6f 72 74 2d
0560   30 30 31 06 02 00 14 10 14 05 01 c0 a8 0b 04 02
0570   00 00 00 01 08 2b 06 01 04 01 81 c0 6e fe 08 00
0580   0e cf 02 00 00 00 00 fe 0a 00 0e cf 05 00 0e 8c
0590   8a 9c e2 fe 09 00 12 0f 01 03 6c 00 00 10 00 00
05a0   80 00 00 00 06 00 00 00 80 00 00 00 00 00 00 00
05b0   43 f4 05 00 2b 7f 15 bf 60 00 00 00 60 00 00 00
05c0   01 80 c2 00 00 0e 00 0e 8c 8a 9d 30 88 cc 02 08
05d0   07 70 6e 2d 69 6f 2d 33 04 09 07 70 6f 72 74 2d
05e0   30 30 31 06 02 00 14 10 14 05 01 c0 a8 0b 03 02
05f0   00 00 00 01 08 2b 06 01 04 01 81 c0 6e fe 08 00
0600   0e cf 02 00 00 00 00 fe 0a 00 0e cf 05 00 0e 8c
0610   8a 9d 2f fe 09 00 12 0f 01 03 6c 00 00 10 00 00
0620   80 00 00 00 06 00 00 00 dc 00 00 00 00 00 00 00
0630   43 f4 05 00 e8 2b 3b bf b9 00 00 00 b9 00 00 00
0640   01 80 c2 00 00 0e 00 1b 1b bf fa c9 88 cc 02 08
0650   07 70 63 73 37 2d 70 63 04 09 07 70 6f 72 74 2d
0660   30 30 31 06 02 00 14 0a 07 50 43 53 37 2d 50 43
0670   0c 48 53 49 45 4d 45 4e 53 20 41 47 20 53 49 4d
0680   41 54 49 43 20 46 69 65 6c 64 20 50 47 20 4d 34
0690   2c 36 45 53 37 37 31 36 2d 32 43 41 31 30 2d 30
06a0   43 42 34 2c 46 35 39 35 33 36 37 38 20 2b 20 65
06b0   6e 67 69 6e 65 65 72 69 6e 67 0e 04 00 80 00 80
06c0   10 14 05 01 00 00 00 00 02 00 00 00 01 08 2b 06
06d0   01 04 01 81 c0 6e fe 08 00 0e cf 02 00 00 00 00
06e0   fe 0a 00 0e cf 05 00 1b 1b bf fa c9 fe 09 00 12
06f0   0f 01 03 ec 03 00 1e 00 00 00 00 00 dc 00 00 00
0700   06 00 00 00 80 00 00 00 00 00 00 00 43 f4 05 00
0710   6d 98 4e bf 60 00 00 00 60 00 00 00 01 80 c2 00
0720   00 0e 00 0e 8c 8a 9d 08 88 cc 02 08 07 70 6e 2d
0730   69 6f 2d 31 04 09 07 70 6f 72 74 2d 30 30 31 06
0740   02 00 14 10 14 05 01 c0 a8 0b 01 02 00 00 00 01
0750   08 2b 06 01 04 01 81 c0 6e fe 08 00 0e cf 02 00
0760   00 00 00 fe 0a 00 0e cf 05 00 0e 8c 8a 9d 07 fe
0770   09 00 12 0f 01 03 6c 00 00 10 00 00 80 00 00 00
0780   06 00 00 00 80 00 00 00 00 00 00 00 43 f4 05 00
0790   12 56 59 bf 60 00 00 00 60 00 00 00 01 80 c2 00
07a0   00 0e 00 0e 8c 8a 9b ec 88 cc 02 08 07 70 6e 2d
07b0   69 6f 2d 32 04 09 07 70 6f 72 74 2d 30 30 31 06
07c0   02 00 14 10 14 05 01 c0 a8 0b 02 02 00 00 00 01
07d0   08 2b 06 01 04 01 81 c0 6e fe 08 00 0e cf 02 00
07e0   00 00 00 fe 0a 00 0e cf 05 00 0e 8c 8a 9b eb fe
07f0   09 00 12 0f 01 03 6c 00 00 10 00 00 80 00 00 00
0800   06 00 00 00 80 00 00 00 00 00 00 00 43 f4 05 00
0810   08 b7 59 bf 60 00 00 00 60 00 00 00 01 80 c2 00
0820   00 0e 00 0e 8c 8a 9c e3 88 cc 02 08 07 70 6e 2d
0830   69 6f 2d 34 04 09 07 70 6f 72 74 2d 30 30 31 06
0840   02 00 14 10 14 05 01 c0 a8 0b 04 02 00 00 00 01
0850   08 2b 06 01 04 01 81 c0 6e fe 08 00 0e cf 02 00
0860   00 00 00 fe 0a 00 0e cf 05 00 0e 8c 8a 9c e2 fe
0870   09 00 12 0f 01 03 6c 00 00 10 00 00 80 00 00 00
0880   06 00 00 00 5c 00 00 00 00 00 00 00 43 f4 05 00
0890   d4 6b 5c bf 3c 00 00 00 3c 00 00 00 ff ff ff ff
08a0   ff ff 00 0e 8c 8a 9b eb 08 06 00 01 08 00 06 04
08b0   00 01 00 0e 8c 8a 9b eb c0 a8 0b 02 1e 06 dc c6
08c0   c0 a8 c0 a8 0b 03 00 00 00 00 00 00 00 00 00 00
08d0   00 00 00 00 00 00 00 00 5c 00 00 00 06 00 00 00
08e0   80 00 00 00 00 00 00 00 43 f4 05 00 eb c7 61 bf
08f0   60 00 00 00 60 00 00 00 01 80 c2 00 00 0e 00 0e
0900   8c 8a 9d 30 88 cc 02 08 07 70 6e 2d 69 6f 2d 33
0910   04 09 07 70 6f 72 74 2d 30 30 31 06 02 00 14 10
0920   14 05 01 c0 a8 0b 03 02 00 00 00 01 08 2b 06 01
0930   04 01 81 c0 6e fe 08 00 0e cf 02 00 00 00 00 fe
0940   0a 00 0e cf 05 00 0e 8c 8a 9d 2f fe 09 00 12 0f
0950   01 03 6c 00 00 10 00 00 80 00 00 00 06 00 00 00
0960   80 00 00 00 00 00 00 00 43 f4 05 00 8d e0 9a bf
0970   60 00 00 00 60 00 00 00 01 80 c2 00 00 0e 00 0e
0980   8c 8a 9d 08 88 cc 02 08 07 70 6e 2d 69 6f 2d 31
0990   04 09 07 70 6f 72 74 2d 30 30 31 06 02 00 14 10
09a0   14 05 01 c0 a8 0b 01 02 00 00 00 01 08 2b 06 01
09b0   04 01 81 c0 6e fe 08 00 0e cf 02 00 00 00 00 fe
09c0   0a 00 0e cf 05 00 0e 8c 8a 9d 07 fe 09 00 12 0f
09d0   01 03 6c 00 00 10 00 00 80 00 00 00 06 00 00 00
09e0   80 00 00 00 00 00 00 00 43 f4 05 00 71 9e a5 bf
09f0   60 00 00 00 60 00 00 00 01 80 c2 00 00 0e 00 0e
0a00   8c 8a 9b ec 88 cc 02 08 07 70 6e 2d 69 6f 2d 32
0a10   04 09 07 70 6f 72 74 2d 30 30 31 06 02 00 14 10
0a20   14 05 01 c0 a8 0b 02 02 00 00 00 01 08 2b 06 01
0a30   04 01 81 c0 6e fe 08 00 0e cf 02 00 00 00 00 fe
0a40   0a 00 0e cf 05 00 0e 8c 8a 9b eb fe 09 00 12 0f
0a50   01 03 6c 00 00 10 00 00 80 00 00 00 06 00 00 00
0a60   80 00 00 00 00 00 00 00 43 f4 05 00 4b ff a5 bf
0a70   60 00 00 00 60 00 00 00 01 80 c2 00 00 0e 00 0e
0a80   8c 8a 9c e3 88 cc 02 08 07 70 6e 2d 69 6f 2d 34
0a90   04 09 07 70 6f 72 74 2d 30 30 31 06 02 00 14 10
0aa0   14 05 01 c0 a8 0b 04 02 00 00 00 01 08 2b 06 01
0ab0   04 01 81 c0 6e fe 08 00 0e cf 02 00 00 00 00 fe
0ac0   0a 00 0e cf 05 00 0e 8c 8a 9c e2 fe 09 00 12 0f
0ad0   01 03 6c 00 00 10 00 00 80 00 00 00 06 00 00 00
0ae0   80 00 00 00 00 00 00 00 43 f4 05 00 16 10 ae bf
0af0   60 00 00 00 60 00 00 00 01 80 c2 00 00 0e 00 0e
0b00   8c 8a 9d 30 88 cc 02 08 07 70 6e 2d 69 6f 2d 33
0b10   04 09 07 70 6f 72 74 2d 30 30 31 06 02 00 14 10
0b20   14 05 01 c0 a8 0b 03 02 00 00 00 01 08 2b 06 01
0b30   04 01 81 c0 6e fe 08 00 0e cf 02 00 00 00 00 fe
0b40   0a 00 0e cf 05 00 0e 8c 8a 9d 2f fe 09 00 12 0f
0b50   01 03 6c 00 00 10 00 00 80 00 00 00 06 00 00 00
0b60   dc 00 00 00 00 00 00 00 43 f4 05 00 06 3f b5 bf
0b70   b9 00 00 00 b9 00 00 00 01 80 c2 00 00 0e 00 1b
0b80   1b bf fa c9 88 cc 02 08 07 70 63 73 37 2d 70 63
0b90   04 09 07 70 6f 72 74 2d 30 30 31 06 02 00 14 0a
0ba0   07 50 43 53 37 2d 50 43 0c 48 53 49 45 4d 45 4e
0bb0   53 20 41 47 20 53 49 4d 41 54 49 43 20 46 69 65
0bc0   6c 64 20 50 47 20 4d 34 2c 36 45 53 37 37 31 36
0bd0   2d 32 43 41 31 30 2d 30 43 42 34 2c 46 35 39 35
0be0   33 36 37 38 20 2b 20 65 6e 67 69 6e 65 65 72 69
0bf0   6e 67 0e 04 00 80 00 80 10 14 05 01 00 00 00 00
0c00   02 00 00 00 01 08 2b 06 01 04 01 81 c0 6e fe 08
0c10   00 0e cf 02 00 00 00 00 fe 0a 00 0e cf 05 00 1b
0c20   1b bf fa c9 fe 09 00 12 0f 01 03 ec 03 00 1e 00
0c30   00 00 00 00 dc 00 00 00 06 00 00 00 80 00 00 00
0c40   00 00 00 00 43 f4 05 00 b1 29 e7 bf 60 00 00 00
0c50   60 00 00 00 01 80 c2 00 00 0e 00 0e 8c 8a 9d 08
0c60   88 cc 02 08 07 70 6e 2d 69 6f 2d 31 04 09 07 70
0c70   6f 72 74 2d 30 30 31 06 02 00 14 10 14 05 01 c0
0c80   a8 0b 01 02 00 00 00 01 08 2b 06 01 04 01 81 c0
0c90   6e fe 08 00 0e cf 02 00 00 00 00 fe 0a 00 0e cf
0ca0   05 00 0e 8c 8a 9d 07 fe 09 00 12 0f 01 03 6c 00
0cb0   00 10 00 00 80 00 00 00 06 00 00 00 80 00 00 00
0cc0   00 00 00 00 43 f4 05 00 da e6 f1 bf 60 00 00 00
0cd0   60 00 00 00 01 80 c2 00 00 0e 00 0e 8c 8a 9b ec
0ce0   88 cc 02 08 07 70 6e 2d 69 6f 2d 32 04 09 07 70
0cf0   6f 72 74 2d 30 30 31 06 02 00 14 10 14 05 01 c0
0d00   a8 0b 02 02 00 00 00 01 08 2b 06 01 04 01 81 c0
0d10   6e fe 08 00 0e cf 02 00 00 00 00 fe 0a 00 0e cf
0d20   05 00 0e 8c 8a 9b eb fe 09 00 12 0f 01 03 6c 00
0d30   00 10 00 00 80 00 00 00 06 00 00 00 80 00 00 00
0d40   00 00 00 00 43 f4 05 00 9b 47 f2 bf 60 00 00 00
0d50   60 00 00 00 01 80 c2 00 00 0e 00 0e 8c 8a 9c e3
0d60   88 cc 02 08 07 70 6e 2d 69 6f 2d 34 04 09 07 70
0d70   6f 72 74 2d 30 30 31 06 02 00 14 10 14 05 01 c0
0d80   a8 0b 04 02 00 00 00 01 08 2b 06 01 04 01 81 c0
0d90   6e fe 08 00 0e cf 02 00 00 00 00 fe 0a 00 0e cf
0da0   05 00 0e 8c 8a 9c e2 fe 09 00 12 0f 01 03 6c 00
0db0   00 10 00 00 80 00 00 00 06 00 00 00 80 00 00 00
0dc0   00 00 00 00 43 f4 05 00 83 58 fa bf 60 00 00 00
0dd0   60 00 00 00 01 80 c2 00 00 0e 00 0e 8c 8a 9d 30
0de0   88 cc 02 08 07 70 6e 2d 69 6f 2d 33 04 09 07 70
0df0   6f 72 74 2d 30 30 31 06 02 00 14 10 14 05 01 c0
0e00   a8 0b 03 02 00 00 00 01 08 2b 06 01 04 01 81 c0
0e10   6e fe 08 00 0e cf 02 00 00 00 00 fe 0a 00 0e cf
0e20   05 00 0e 8c 8a 9d 2f fe 09 00 12 0f 01 03 6c 00
0e30   00 10 00 00 80 00 00 00 06 00 00 00 dc 00 00 00
0e40   00 00 00 00 43 f4 05 00 2a 52 2f c0 b9 00 00 00
0e50   b9 00 00 00 01 80 c2 00 00 0e 00 1b 1b bf fa c9
0e60   88 cc 02 08 07 70 63 73 37 2d 70 63 04 09 07 70
0e70   6f 72 74 2d 30 30 31 06 02 00 14 0a 07 50 43 53
0e80   37 2d 50 43 0c 48 53 49 45 4d 45 4e 53 20 41 47
0e90   20 53 49 4d 41 54 49 43 20 46 69 65 6c 64 20 50
0ea0   47 20 4d 34 2c 36 45 53 37 37 31 36 2d 32 43 41
0eb0   31 30 2d 30 43 42 34 2c 46 35 39 35 33 36 37 38
0ec0   20 2b 20 65 6e 67 69 6e 65 65 72 69 6e 67 0e 04
0ed0   00 80 00 80 10 14 05 01 00 00 00 00 02 00 00 00
0ee0   01 08 2b 06 01 04 01 81 c0 6e fe 08 00 0e cf 02
0ef0   00 00 00 00 fe 0a 00 0e cf 05 00 1b 1b bf fa c9
0f00   fe 09 00 12 0f 01 03 ec 03 00 1e 00 00 00 00 00
0f10   dc 00 00 00 05 00 00 00 6c 00 00 00 00 00 00 00
0f20   43 f4 05 00 ac d4 32 c0 01 00 1c 00 43 6f 75 6e
0f30   74 65 72 73 20 70 72 6f 76 69 64 65 64 20 62 79
0f40   20 64 75 6d 70 63 61 70 02 00 08 00 43 f4 05 00
0f50   2a b6 b8 be 03 00 08 00 43 f4 05 00 ac d4 32 c0
0f60   04 00 08 00 19 00 00 00 00 00 00 00 05 00 08 00
0f70   00 00 00 00 00 00 00 00 00 00 00 00 6c 00 00 00
0000   0a 0d 0d 0a c4 00 00 00 4d 3c 2b 1a 01 00 00 00
0010   ff ff ff ff ff ff ff ff 02 00 36 00 49 6e 74 65
0020   6c 28 52 29 20 43 6f 72 65 28 54 4d 29 20 69 37
0030   2d 33 35 34 30 4d 20 43 50 55 20 40 20 33 2e 30
0040   30 47 48 7a 20 28 77 69 74 68 20 53 53 45 34 2e
0050   32 29 00 00 03 00 2b 00 36 34 2d 62 69 74 20 57
0060   69 6e 64 6f 77 73 20 37 20 53 65 72 76 69 63 65
0070   20 50 61 63 6b 20 31 2c 20 62 75 69 6c 64 20 37
0080   36 30 31 00 04 00 32 00 44 75 6d 70 63 61 70 20
0090   28 57 69 72 65 73 68 61 72 6b 29 20 34 2e 30 2e
00a0   33 20 28 76 34 2e 30 2e 33 2d 30 2d 67 63 35 35
00b0   32 66 37 34 63 64 63 32 33 29 00 00 00 00 00 00
00c0   c4 00 00 00 01 00 00 00 a8 00 00 00 01 00 00 00
00d0   00 00 04 00 02 00 32 00 5c 44 65 76 69 63 65 5c
00e0   4e 50 46 5f 7b 35 46 39 33 38 45 41 43 2d 44 36
00f0   41 37 2d 34 37 34 35 2d 42 45 36 44 2d 35 39 36
0100   43 43 42 37 42 35 45 42 46 7d 00 00 03 00 1a 00
0110   5b 50 31 5d 20 4c 6f 63 61 6c 20 41 72 65 61 20
0120   43 6f 6e 6e 65 63 74 69 6f 6e 00 00 09 00 01 00
0130   06 00 00 00 0c 00 2b 00 36 34 2d 62 69 74 20 57
0140   69 6e 64 6f 77 73 20 37 20 53 65 72 76 69 63 65
0150   20 50 61 63 6b 20 31 2c 20 62 75 69 6c 64 20 37
0160   36 30 31 00 00 00 00 00 a8 00 00 00 06 00 00 00
0170   80 00 00 00 00 00 00 00 43 f4 05 00 7b c6 c0 be
0180   60 00 00 00 60 00 00 00 01 80 c2 00 00 0e 00 0e
0190   8c 8a 9b ec 88 cc 02 08 07 70 6e 2d 69 6f 2d 32
01a0   04 09 07 70 6f 72 74 2d 30 30 31 06 02 00 14 10
01b0   14 05 01 c0 a8 0b 02 02 00 00 00 01 08 2b 06 01
01c0   04 01 81 c0 6e fe 08 00 0e cf 02 00 00 00 00 fe
01d0   0a 00 0e cf 05 00 0e 8c 8a 9b eb fe 09 00 12 0f
01e0   01 03 6c 00 00 10 00 00 80 00 00 00 06 00 00 00
01f0   dc 00 00 00 00 00 00 00 43 f4 05 00 b9 18 c1 be
0200   b9 00 00 00 b9 00 00 00 01 80 c2 00 00 0e 00 1b
0210   1b bf fa c9 88 cc 02 08 07 70 63 73 37 2d 70 63
0220   04 09 07 70 6f 72 74 2d 30 30 31 06 02 00 14 0a
0230   07 50 43 53 37 2d 50 43 0c 48 53 49 45 4d 45 4e
0240   53 20 41 47 20 53 49 4d 41 54 49 43 20 46 69 65
0250   6c 64 20 50 47 20 4d 34 2c 36 45 53 37 37 31 36
0260   2d 32 43 41 31 30 2d 30 43 42 34 2c 46 35 39 35
0270   33 36 37 38 20 2b 20 65 6e 67 69 6e 65 65 72 69
0280   6e 67 0e 04 00 80 00 80 10 14 05 01 00 00 00 00
0290   02 00 00 00 01 08 2b 06 01 04 01 81 c0 6e fe 08
02a0   00 0e cf 02 00 00 00 00 fe 0a 00 0e cf 05 00 1b
02b0   1b bf fa c9 fe 09 00 12 0f 01 03 ec 03 00 1e 00
02c0   00 00 00 00 dc 00 00 00 06 00 00 00 80 00 00 00
02d0   00 00 00 00 43 f4 05 00 66 26 c1 be 60 00 00 00
02e0   60 00 00 00 01 80 c2 00 00 0e 00 0e 8c 8a 9c e3
02f0   88 cc 02 08 07 70 6e 2d 69 6f 2d 34 04 09 07 70
0300   6f 72 74 2d 30 30 31 06 02 00 14 10 14 05 01 c0
0310   a8 0b 04 02 00 00 00 01 08 2b 06 01 04 01 81 c0
0320   6e fe 08 00 0e cf 02 00 00 00 00 fe 0a 00 0e cf
0330   05 00 0e 8c 8a 9c e2 fe 09 00 12 0f 01 03 6c 00
0340   00 10 00 00 80 00 00 00 06 00 00 00 80 00 00 00
0350   00 00 00 00 43 f4 05 00 b4 36 c9 be 60 00 00 00
0360   60 00 00 00 01 80 c2 00 00 0e 00 0e 8c 8a 9d 30
0370   88 cc 02 08 07 70 6e 2d 69 6f 2d 33 04 09 07 70
0380   6f 72 74 2d 30 30 31 06 02 00 14 10 14 05 01 c0
0390   a8 0b 03 02 00 00 00 01 08 2b 06 01 04 01 81 c0
03a0   6e fe 08 00 0e cf 02 00 00 00 00 fe 0a 00 0e cf
03b0   05 00 0e 8c 8a 9d 2f fe 09 00 12 0f 01 03 6c 00
03c0   00 10 00 00 80 00 00 00 06 00 00 00 5c 00 00 00
03d0   00 00 00 00 43 f4 05 00 e6 db cb be 3c 00 00 00
03e0   3c 00 00 00 ff ff ff ff ff ff 00 0e 8c 8a 9c e2
03f0   08 06 00 01 08 00 06 04 00 01 00 0e 8c 8a 9c e2
0400   c0 a8 0b 04 13 cc 33 cc 33 c4 c0 a8 0b 02 00 00
0410   00 00 00 00 00 00 00 00 00 00 00 00 00 00 00 00
0420   5c 00 00 00 06 00 00 00 80 00 00 00 00 00 00 00
0430   43 f4 05 00 4d 50 02 bf 60 00 00 00 60 00 00 00
0440   01 80 c2 00 00 0e 00 0e 8c 8a 9d 08 88 cc 02 08
0450   07 70 6e 2d 69 6f 2d 31 04 09 07 70 6f 72 74 2d
0460   30 30 31 06 02 00 14 10 14 05 01 c0 a8 0b 01 02
0470   00 00 00 01 08 2b 06 01 04 01 81 c0 6e fe 08 00
0480   0e cf 02 00 00 00 00 fe 0a 00 0e cf 05 00 0e 8c
0490   8a 9d 07 fe 09 00 12 0f 01 03 6c 00 00 10 00 00
04a0   80 00 00 00 06 00 00 00 80 00 00 00 00 00 00 00
04b0   43 f4 05 00 c1 0e 0d bf 60 00 00 00 60 00 00 00
04c0   01 80 c2 00 00 0e 00 0e 8c 8a 9b ec 88 cc 02 08
04d0   07 70 6e 2d 69 6f 2d 32 04 09 07 70 6f 72 74 2d
04e0   30 30 31 06 02 00 14 10 14 05 01 c0 a8 0b 02 02
04f0   00 00 00 01 08 2b 06 01 04 01 81 c0 6e fe 08 00
0500   0e cf 02 00 00 00 00 fe 0a 00 0e cf 05 00 0e 8c
0510   8a 9b eb fe 09 00 12 0f 01 03 6c 00 00 10 00 00
0520   80 00 00 00 06 00 00 00 80 00 00 00 00 00 00 00
0530   43 f4 05 00 b2 6e 0d bf 60 00 00 00 60 00 00 00
0540   01 80 c2 00 00 0e 00 0e 8c 8a 9c e3 88 cc 02 08
0550   07 70 6e 2d 69 6f 2d 34 04 09 07 70 6f 72 74 2d
0560   30 30 31 06 02 00 14 10 14 05 01 c0 a8 0b 04 02
0570   00 00 00 01 08 2b 06 01 04 01 81 c0 6e fe 08 00
0580   0e cf 02 00 00 00 00 fe 0a 00 0e cf 05 00 0e 8c
0590   8a 9c e2 fe 09 00 12 0f 01 03 6c 00 00 10 00 00
05a0   80 00 00 00 06 00 00 00 80 00 00 00 00 00 00 00
05b0   43 f4 05 00 2b 7f 15 bf 60 00 00 00 60 00 00 00
05c0   01 80 c2 00 00 0e 00 0e 8c 8a 9d 30 88 cc 02 08
05d0   07 70 6e 2d 69 6f 2d 33 04 09 07 70 6f 72 74 2d
05e0   30 30 31 06 02 00 14 10 14 05 01 c0 a8 0b 03 02
05f0   00 00 00 01 08 2b 06 01 04 01 81 c0 6e fe 08 00
0600   0e cf 02 00 00 00 00 fe 0a 00 0e cf 05 00 0e 8c
0610   8a 9d 2f fe 09 00 12 0f 01 03 6c 00 00 10 00 00
0620   80 00 00 00 06 00 00 00 dc 00 00 00 00 00 00 00
0630   43 f4 05 00 e8 2b 3b bf b9 00 00 00 b9 00 00 00
0640   01 80 c2 00 00 0e 00 1b 1b bf fa c9 88 cc 02 08
0650   07 70 63 73 37 2d 70 63 04 09 07 70 6f 72 74 2d
0660   30 30 31 06 02 00 14 0a 07 50 43 53 37 2d 50 43
0670   0c 48 53 49 45 4d 45 4e 53 20 41 47 20 53 49 4d
0680   41 54 49 43 20 46 69 65 6c 64 20 50 47 20 4d 34
0690   2c 36 45 53 37 37 31 36 2d 32 43 41 31 30 2d 30
06a0   43 42 34 2c 46 35 39 35 33 36 37 38 20 2b 20 65
06b0   6e 67 69 6e 65 65 72 69 6e 67 0e 04 00 80 00 80
06c0   10 14 05 01 00 00 00 00 02 00 00 00 01 08 2b 06
06d0   01 04 01 81 c0 6e fe 08 00 0e cf 02 00 00 00 00
06e0   fe 0a 00 0e cf 05 00 1b 1b bf fa c9 fe 09 00 12
06f0   0f 01 03 ec 03 00 1e 00 00 00 00 00 dc 00 00 00
0700   06 00 00 00 80 00 00 00 00 00 00 00 43 f4 05 00
0710   6d 98 4e bf 60 00 00 00 60 00 00 00 01 80 c2 00
0720   00 0e 00 0e 8c 8a 9d 08 88 cc 02 08 07 70 6e 2d
0730   69 6f 2d 31 04 09 07 70 6f 72 74 2d 30 30 31 06
0740   02 00 14 10 14 05 01 c0 a8 0b 01 02 00 00 00 01
0750   08 2b 06 01 04 01 81 c0 6e fe 08 00 0e cf 02 00
0760   00 00 00 fe 0a 00 0e cf 05 00 0e 8c 8a 9d 07 fe
0770   09 00 12 0f 01 03 6c 00 00 10 00 00 80 00 00 00
0780   06 00 00 00 80 00 00 00 00 00 00 00 43 f4 05 00
0790   12 56 59 bf 60 00 00 00 60 00 00 00 01 80 c2 00
07a0   00 0e 00 0e 8c 8a 9b ec 88 cc 02 08 07 70 6e 2d
07b0   69 6f 2d 32 04 09 07 70 6f 72 74 2d 30 30 31 06
07c0   02 00 14 10 14 05 01 c0 a8 0b 02 02 00 00 00 01
07d0   08 2b 06 01 04 01 81 c0 6e fe 08 00 0e cf 02 00
07e0   00 00 00 fe 0a 00 0e cf 05 00 0e 8c 8a 9b eb fe
07f0   09 00 12 0f 01 03 6c 00 00 10 00 00 80 00 00 00
0800   06 00 00 00 80 00 00 00 00 00 00 00 43 f4 05 00
0810   08 b7 59 bf 60 00 00 00 60 00 00 00 01 80 c2 00
0820   00 0e 00 0e 8c 8a 9c e3 88 cc 02 08 07 70 6e 2d
0830   69 6f 2d 34 04 09 07 70 6f 72 74 2d 30 30 31 06
0840   02 00 14 10 14 05 01 c0 a8 0b 04 02 00 00 00 01
0850   08 2b 06 01 04 01 81 c0 6e fe 08 00 0e cf 02 00
0860   00 00 00 fe 0a 00 0e cf 05 00 0e 8c 8a 9c e2 fe
0870   09 00 12 0f 01 03 6c 00 00 10 00 00 80 00 00 00
0880   06 00 00 00 5c 00 00 00 00 00 00 00 43 f4 05 00
0890   d4 6b 5c bf 3c 00 00 00 3c 00 00 00 ff ff ff ff
08a0   ff ff 00 0e 8c 8a 9b eb 08 06 00 01 08 00 06 04
08b0   00 01 00 0e 8c 8a 9b eb c0 a8 0b 02 1e 06 dc c6
08c0   c0 a8 c0 a8 0b 03 00 00 00 00 00 00 00 00 00 00
08d0   00 00 00 00 00 00 00 00 5c 00 00 00 06 00 00 00
08e0   80 00 00 00 00 00 00 00 43 f4 05 00 eb c7 61 bf
08f0   60 00 00 00 60 00 00 00 01 80 c2 00 00 0e 00 0e
0900   8c 8a 9d 30 88 cc 02 08 07 70 6e 2d 69 6f 2d 33
0910   04 09 07 70 6f 72 74 2d 30 30 31 06 02 00 14 10
0920   14 05 01 c0 a8 0b 03 02 00 00 00 01 08 2b 06 01
0930   04 01 81 c0 6e fe 08 00 0e cf 02 00 00 00 00 fe
0940   0a 00 0e cf 05 00 0e 8c 8a 9d 2f fe 09 00 12 0f
0950   01 03 6c 00 00 10 00 00 80 00 00 00 06 00 00 00
0960   80 00 00 00 00 00 00 00 43 f4 05 00 8d e0 9a bf
0970   60 00 00 00 60 00 00 00 01 80 c2 00 00 0e 00 0e
0980   8c 8a 9d 08 88 cc 02 08 07 70 6e 2d 69 6f 2d 31
0990   04 09 07 70 6f 72 74 2d 30 30 31 06 02 00 14 10
09a0   14 05 01 c0 a8 0b 01 02 00 00 00 01 08 2b 06 01
09b0   04 01 81 c0 6e fe 08 00 0e cf 02 00 00 00 00 fe
09c0   0a 00 0e cf 05 00 0e 8c 8a 9d 07 fe 09 00 12 0f
09d0   01 03 6c 00 00 10 00 00 80 00 00 00 06 00 00 00
09e0   80 00 00 00 00 00 00 00 43 f4 05 00 71 9e a5 bf
09f0   60 00 00 00 60 00 00 00 01 80 c2 00 00 0e 00 0e
0a00   8c 8a 9b ec 88 cc 02 08 07 70 6e 2d 69 6f 2d 32
0a10   04 09 07 70 6f 72 74 2d 30 30 31 06 02 00 14 10
0a20   14 05 01 c0 a8 0b 02 02 00 00 00 01 08 2b 06 01
0a30   04 01 81 c0 6e fe 08 00 0e cf 02 00 00 00 00 fe
0a40   0a 00 0e cf 05 00 0e 8c 8a 9b eb fe 09 00 12 0f
0a50   01 03 6c 00 00 10 00 00 80 00 00 00 06 00 00 00
0a60   80 00 00 00 00 00 00 00 43 f4 05 00 4b ff a5 bf
0a70   60 00 00 00 60 00 00 00 01 80 c2 00 00 0e 00 0e
0a80   8c 8a 9c e3 88 cc 02 08 07 70 6e 2d 69 6f 2d 34
0a90   04 09 07 70 6f 72 74 2d 30 30 31 06 02 00 14 10
0aa0   14 05 01 c0 a8 0b 04 02 00 00 00 01 08 2b 06 01
0ab0   04 01 81 c0 6e fe 08 00 0e cf 02 00 00 00 00 fe
0ac0   0a 00 0e cf 05 00 0e 8c 8a 9c e2 fe 09 00 12 0f
0ad0   01 03 6c 00 00 10 00 00 80 00 00 00 06 00 00 00
0ae0   80 00 00 00 00 00 00 00 43 f4 05 00 16 10 ae bf
0af0   60 00 00 00 60 00 00 00 01 80 c2 00 00 0e 00 0e
0b00   8c 8a 9d 30 88 cc 02 08 07 70 6e 2d 69 6f 2d 33
0b10   04 09 07 70 6f 72 74 2d 30 30 31 06 02 00 14 10
0b20   14 05 01 c0 a8 0b 03 02 00 00 00 01 08 2b 06 01
0b30   04 01 81 c0 6e fe 08 00 0e cf 02 00 00 00 00 fe
0b40   0a 00 0e cf 05 00 0e 8c 8a 9d 2f fe 09 00 12 0f
0b50   01 03 6c 00 00 10 00 00 80 00 00 00 06 00 00 00
0b60   dc 00 00 00 00 00 00 00 43 f4 05 00 06 3f b5 bf
0b70   b9 00 00 00 b9 00 00 00 01 80 c2 00 00 0e 00 1b
0b80   1b bf fa c9 88 cc 02 08 07 70 63 73 37 2d 70 63
0b90   04 09 07 70 6f 72 74 2d 30 30 31 06 02 00 14 0a
0ba0   07 50 43 53 37 2d 50 43 0c 48 53 49 45 4d 45 4e
0bb0   53 20 41 47 20 53 49 4d 41 54 49 43 20 46 69 65
0bc0   6c 64 20 50 47 20 4d 34 2c 36 45 53 37 37 31 36
0bd0   2d 32 43 41 31 30 2d 30 43 42 34 2c 46 35 39 35
0be0   33 36 37 38 20 2b 20 65 6e 67 69 6e 65 65 72 69
0bf0   6e 67 0e 04 00 80 00 80 10 14 05 01 00 00 00 00
0c00   02 00 00 00 01 08 2b 06 01 04 01 81 c0 6e fe 08
0c10   00 0e cf 02 00 00 00 00 fe 0a 00 0e cf 05 00 1b
0c20   1b bf fa c9 fe 09 00 12 0f 01 03 ec 03 00 1e 00
0c30   00 00 00 00 dc 00 00 00 06 00 00 00 80 00 00 00
0c40   00 00 00 00 43 f4 05 00 b1 29 e7 bf 60 00 00 00
0c50   60 00 00 00 01 80 c2 00 00 0e 00 0e 8c 8a 9d 08
0c60   88 cc 02 08 07 70 6e 2d 69 6f 2d 31 04 09 07 70
0c70   6f 72 74 2d 30 30 31 06 02 00 14 10 14 05 01 c0
0c80   a8 0b 01 02 00 00 00 01 08 2b 06 01 04 01 81 c0
0c90   6e fe 08 00 0e cf 02 00 00 00 00 fe 0a 00 0e cf
0ca0   05 00 0e 8c 8a 9d 07 fe 09 00 12 0f 01 03 6c 00
0cb0   00 10 00 00 80 00 00 00 06 00 00 00 80 00 00 00
0cc0   00 00 00 00 43 f4 05 00 da e6 f1 bf 60 00 00 00
0cd0   60 00 00 00 01 80 c2 00 00 0e 00 0e 8c 8a 9b ec
0ce0   88 cc 02 08 07 70 6e 2d 69 6f 2d 32 04 09 07 70
0cf0   6f 72 74 2d 30 30 31 06 02 00 14 10 14 05 01 c0
0d00   a8 0b 02 02 00 00 00 01 08 2b 06 01 04 01 81 c0
0d10   6e fe 08 00 0e cf 02 00 00 00 00 fe 0a 00 0e cf
0d20   05 00 0e 8c 8a 9b eb fe 09 00 12 0f 01 03 6c 00
0d30   00 10 00 00 80 00 00 00 06 00 00 00 80 00 00 00
0d40   00 00 00 00 43 f4 05 00 9b 47 f2 bf 60 00 00 00
0d50   60 00 00 00 01 80 c2 00 00 0e 00 0e 8c 8a 9c e3
0d60   88 cc 02 08 07 70 6e 2d 69 6f 2d 34 04 09 07 70
0d70   6f 72 74 2d 30 30 31 06 02 00 14 10 14 05 01 c0
0d80   a8 0b 04 02 00 00 00 01 08 2b 06 01 04 01 81 c0
0d90   6e fe 08 00 0e cf 02 00 00 00 00 fe 0a 00 0e cf
0da0   05 00 0e 8c 8a 9c e2 fe 09 00 12 0f 01 03 6c 00
0db0   00 10 00 00 80 00 00 00 06 00 00 00 80 00 00 00
0dc0   00 00 00 00 43 f4 05 00 83 58 fa bf 60 00 00 00
0dd0   60 00 00 00 01 80 c2 00 00 0e 00 0e 8c 8a 9d 30
0de0   88 cc 02 08 07 70 6e 2d 69 6f 2d 33 04 09 07 70
0df0   6f 72 74 2d 30 30 31 06 02 00 14 10 14 05 01 c0
0e00   a8 0b 03 02 00 00 00 01 08 2b 06 01 04 01 81 c0
0e10   6e fe 08 00 0e cf 02 00 00 00 00 fe 0a 00 0e cf
0e20   05 00 0e 8c 8a 9d 2f fe 09 00 12 0f 01 03 6c 00
0e30   00 10 00 00 80 00 00 00 06 00 00 00 dc 00 00 00
0e40   00 00 00 00 43 f4 05 00 2a 52 2f c0 b9 00 00 00
0e50   b9 00 00 00 01 80 c2 00 00 0e 00 1b 1b bf fa c9
0e60   88 cc 02 08 07 70 63 73 37 2d 70 63 04 09 07 70
0e70   6f 72 74 2d 30 30 31 06 02 00 14 0a 07 50 43 53
0e80   37 2d 50 43 0c 48 53 49 45 4d 45 4e 53 20 41 47
0e90   20 53 49 4d 41 54 49 43 20 46 69 65 6c 64 20 50
0ea0   47 20 4d 34 2c 36 45 53 37 37 31 36 2d 32 43 41
0eb0   31 30 2d 30 43 42 34 2c 46 35 39 35 33 36 37 38
0ec0   20 2b 20 65 6e 67 69 6e 65 65 72 69 6e 67 0e 04
0ed0   00 80 00 80 10 14 05 01 00 00 00 00 02 00 00 00
0ee0   01 08 2b 06 01 04 01 81 c0 6e fe 08 00 0e cf 02
0ef0   00 00 00 00 fe 0a 00 0e cf 05 00 1b 1b bf fa c9
0f00   fe 09 00 12 0f 01 03 ec 03 00 1e 00 00 00 00 00
0f10   dc 00 00 00 05 00 00 00 6c 00 00 00 00 00 00 00
0f20   43 f4 05 00 ac d4 32 c0 01 00 1c 00 43 6f 75 6e
0f30   74 65 72 73 20 70 72 6f 76 69 64 65 64 20 62 79
0f40   20 64 75 6d 70 63 61 70 02 00 08 00 43 f4 05 00
0f50   2a b6 b8 be 03 00 08 00 43 f4 05 00 ac d4 32 c0
0f60   04 00 08 00 19 00 00 00 00 00 00 00 05 00 08 00
0f70   00 00 00 00 00 00 00 00 00 00 00 00 6c 00 00 00
