0000   0a 0d 0d 0a c4 00 00 00 4d 3c 2b 1a 01 00 00 00
0010   ff ff ff ff ff ff ff ff 02 00 36 00 49 6e 74 65
0020   6c 28 52 29 20 43 6f 72 65 28 54 4d 29 20 69 37
0030   2d 33 35 34 30 4d 20 43 50 55 20 40 20 33 2e 30
0040   30 47 48 7a 20 28 77 69 74 68 20 53 53 45 34 2e
0050   32 29 00 00 03 00 2b 00 36 34 2d 62 69 74 20 57
0060   69 6e 64 6f 77 73 20 37 20 53 65 72 76 69 63 65
0070   20 50 61 63 6b 20 31 2c 20 62 75 69 6c 64 20 37
0080   36 30 31 00 04 00 32 00 44 75 6d 70 63 61 70 20
0090   28 57 69 72 65 73 68 61 72 6b 29 20 34 2e 30 2e
00a0   33 20 28 76 34 2e 30 2e 33 2d 30 2d 67 63 35 35
00b0   32 66 37 34 63 64 63 32 33 29 00 00 00 00 00 00
00c0   c4 00 00 00 01 00 00 00 a8 00 00 00 01 00 00 00
00d0   00 00 04 00 02 00 32 00 5c 44 65 76 69 63 65 5c
00e0   4e 50 46 5f 7b 35 46 39 33 38 45 41 43 2d 44 36
00f0   41 37 2d 34 37 34 35 2d 42 45 36 44 2d 35 39 36
0100   43 43 42 37 42 35 45 42 46 7d 00 00 03 00 1a 00
0110   5b 50 31 5d 20 4c 6f 63 61 6c 20 41 72 65 61 20
0120   43 6f 6e 6e 65 63 74 69 6f 6e 00 00 09 00 01 00
0130   06 00 00 00 0c 00 2b 00 36 34 2d 62 69 74 20 57
0140   69 6e 64 6f 77 73 20 37 20 53 65 72 76 69 63 65
0150   20 50 61 63 6b 20 31 2c 20 62 75 69 6c 64 20 37
0160   36 30 31 00 00 00 00 00 a8 00 00 00 06 00 00 00
0170   dc 00 00 00 00 00 00 00 43 f4 05 00 1a a3 17 c2
0180   b9 00 00 00 b9 00 00 00 01 80 c2 00 00 0e 00 1b
0190   1b bf fa c9 88 cc 02 08 07 70 63 73 37 2d 70 63
01a0   04 09 07 70 6f 72 74 2d 30 30 31 06 02 00 14 0a
01b0   07 50 43 53 37 2d 50 43 0c 48 53 49 45 4d 45 4e
01c0   53 20 41 47 20 53 49 4d 41 54 49 43 20 46 69 65
01d0   6c 64 20 50 47 20 4d 34 2c 36 45 53 37 37 31 36
01e0   2d 32 43 41 31 30 2d 30 43 42 34 2c 46 35 39 35
01f0   33 36 37 38 20 2b 20 65 6e 67 69 6e 65 65 72 69
0200   6e 67 0e 04 00 80 00 80 10 14 05 01 00 00 00 00
0210   02 00 00 00 01 08 2b 06 01 04 01 81 c0 6e fe 08
0220   00 0e cf 02 00 00 00 00 fe 0a 00 0e cf 05 00 1b
0230   1b bf fa c9 fe 09 00 12 0f 01 03 ec 03 00 1e 00
0240   00 00 00 00 dc 00 00 00 06 00 00 00 80 00 00 00
0250   00 00 00 00 43 f4 05 00 18 70 49 c2 60 00 00 00
0260   60 00 00 00 01 80 c2 00 00 0e 00 0e 8c 8a 9d 08
0270   88 cc 02 08 07 70 6e 2d 69 6f 2d 31 04 09 07 70
0280   6f 72 74 2d 30 30 31 06 02 00 14 10 14 05 01 c0
0290   a8 0b 01 02 00 00 00 01 08 2b 06 01 04 01 81 c0
02a0   6e fe 08 00 0e cf 02 00 00 00 00 fe 0a 00 0e cf
02b0   05 00 0e 8c 8a 9d 07 fe 09 00 12 0f 01 03 6c 00
02c0   00 10 00 00 80 00 00 00 06 00 00 00 80 00 00 00
02d0   00 00 00 00 43 f4 05 00 3a 2f 54 c2 60 00 00 00
02e0   60 00 00 00 01 80 c2 00 00 0e 00 0e 8c 8a 9b ec
02f0   88 cc 02 08 07 70 6e 2d 69 6f 2d 32 04 09 07 70
0300   6f 72 74 2d 30 30 31 06 02 00 14 10 14 05 01 c0
0310   a8 0b 02 02 00 00 00 01 08 2b 06 01 04 01 81 c0
0320   6e fe 08 00 0e cf 02 00 00 00 00 fe 0a 00 0e cf
0330   05 00 0e 8c 8a 9b eb fe 09 00 12 0f 01 03 6c 00
0340   00 10 00 00 80 00 00 00 06 00 00 00 80 00 00 00
0350   00 00 00 00 43 f4 05 00 7c 8d 54 c2 60 00 00 00
0360   60 00 00 00 01 80 c2 00 00 0e 00 0e 8c 8a 9c e3
0370   88 cc 02 08 07 70 6e 2d 69 6f 2d 34 04 09 07 70
0380   6f 72 74 2d 30 30 31 06 02 00 14 10 14 05 01 c0
0390   a8 0b 04 02 00 00 00 01 08 2b 06 01 04 01 81 c0
03a0   6e fe 08 00 0e cf 02 00 00 00 00 fe 0a 00 0e cf
03b0   05 00 0e 8c 8a 9c e2 fe 09 00 12 0f 01 03 6c 00
03c0   00 10 00 00 80 00 00 00 06 00 00 00 80 00 00 00
03d0   00 00 00 00 43 f4 05 00 b1 9f 5c c2 60 00 00 00
03e0   60 00 00 00 01 80 c2 00 00 0e 00 0e 8c 8a 9d 30
03f0   88 cc 02 08 07 70 6e 2d 69 6f 2d 33 04 09 07 70
0400   6f 72 74 2d 30 30 31 06 02 00 14 10 14 05 01 c0
0410   a8 0b 03 02 00 00 00 01 08 2b 06 01 04 01 81 c0
0420   6e fe 08 00 0e cf 02 00 00 00 00 fe 0a 00 0e cf
0430   05 00 0e 8c 8a 9d 2f fe 09 00 12 0f 01 03 6c 00
0440   00 10 00 00 80 00 00 00 06 00 00 00 dc 00 00 00
0450   00 00 00 00 43 f4 05 00 04 b6 91 c2 b9 00 00 00
0460   b9 00 00 00 01 80 c2 00 00 0e 00 1b 1b bf fa c9
0470   88 cc 02 08 07 70 63 73 37 2d 70 63 04 09 07 70
0480   6f 72 74 2d 30 30 31 06 02 00 14 0a 07 50 43 53
0490   37 2d 50 43 0c 48 53 49 45 4d 45 4e 53 20 41 47
04a0   20 53 49 4d 41 54 49 43 20 46 69 65 6c 64 20 50
04b0   47 20 4d 34 2c 36 45 53 37 37 31 36 2d 32 43 41
04c0   31 30 2d 30 43 42 34 2c 46 35 39 35 33 36 37 38
04d0   20 2b 20 65 6e 67 69 6e 65 65 72 69 6e 67 0e 04
04e0   00 80 00 80 10 14 05 01 00 00 00 00 02 00 00 00
04f0   01 08 2b 06 01 04 01 81 c0 6e fe 08 00 0e cf 02
0500   00 00 00 00 fe 0a 00 0e cf 05 00 1b 1b bf fa c9
0510   fe 09 00 12 0f 01 03 ec 03 00 1e 00 00 00 00 00
0520   dc 00 00 00 06 00 00 00 80 00 00 00 00 00 00 00
0530   43 f4 05 00 91 b8 95 c2 60 00 00 00 60 00 00 00
0540   01 80 c2 00 00 0e 00 0e 8c 8a 9d 08 88 cc 02 08
0550   07 70 6e 2d 69 6f 2d 31 04 09 07 70 6f 72 74 2d
0560   30 30 31 06 02 00 14 10 14 05 01 c0 a8 0b 01 02
0570   00 00 00 01 08 2b 06 01 04 01 81 c0 6e fe 08 00
0580   0e cf 02 00 00 00 00 fe 0a 00 0e cf 05 00 0e 8c
0590   8a 9d 07 fe 09 00 12 0f 01 03 6c 00 00 10 00 00
05a0   80 00 00 00 06 00 00 00 80 00 00 00 00 00 00 00
05b0   43 f4 05 00 54 77 a0 c2 60 00 00 00 60 00 00 00
05c0   01 80 c2 00 00 0e 00 0e 8c 8a 9b ec 88 cc 02 08
05d0   07 70 6e 2d 69 6f 2d 32 04 09 07 70 6f 72 74 2d
05e0   30 30 31 06 02 00 14 10 14 05 01 c0 a8 0b 02 02
05f0   00 00 00 01 08 2b 06 01 04 01 81 c0 6e fe 08 00
0600   0e cf 02 00 00 00 00 fe 0a 00 0e cf 05 00 0e 8c
0610   8a 9b eb fe 09 00 12 0f 01 03 6c 00 00 10 00 00
0620   80 00 00 00 06 00 00 00 80 00 00 00 00 00 00 00
0630   43 f4 05 00 b7 d5 a0 c2 60 00 00 00 60 00 00 00
0640   01 80 c2 00 00 0e 00 0e 8c 8a 9c e3 88 cc 02 08
0650   07 70 6e 2d 69 6f 2d 34 04 09 07 70 6f 72 74 2d
0660   30 30 31 06 02 00 14 10 14 05 01 c0 a8 0b 04 02
0670   00 00 00 01 08 2b 06 01 04 01 81 c0 6e fe 08 00
0680   0e cf 02 00 00 00 00 fe 0a 00 0e cf 05 00 0e 8c
0690   8a 9c e2 fe 09 00 12 0f 01 03 6c 00 00 10 00 00
06a0   80 00 00 00 06 00 00 00 80 00 00 00 00 00 00 00
06b0   43 f4 05 00 6e e8 a8 c2 60 00 00 00 60 00 00 00
06c0   01 80 c2 00 00 0e 00 0e 8c 8a 9d 30 88 cc 02 08
06d0   07 70 6e 2d 69 6f 2d 33 04 09 07 70 6f 72 74 2d
06e0   30 30 31 06 02 00 14 10 14 05 01 c0 a8 0b 03 02
06f0   00 00 00 01 08 2b 06 01 04 01 81 c0 6e fe 08 00
0700   0e cf 02 00 00 00 00 fe 0a 00 0e cf 05 00 0e 8c
0710   8a 9d 2f fe 09 00 12 0f 01 03 6c 00 00 10 00 00
0720   80 00 00 00 06 00 00 00 80 00 00 00 00 00 00 00
0730   43 f4 05 00 45 01 e2 c2 60 00 00 00 60 00 00 00
0740   01 80 c2 00 00 0e 00 0e 8c 8a 9d 08 88 cc 02 08
0750   07 70 6e 2d 69 6f 2d 31 04 09 07 70 6f 72 74 2d
0760   30 30 31 06 02 00 14 10 14 05 01 c0 a8 0b 01 02
0770   00 00 00 01 08 2b 06 01 04 01 81 c0 6e fe 08 00
0780   0e cf 02 00 00 00 00 fe 0a 00 0e cf 05 00 0e 8c
0790   8a 9d 07 fe 09 00 12 0f 01 03 6c 00 00 10 00 00
07a0   80 00 00 00 06 00 00 00 5c 00 00 00 00 00 00 00
07b0   43 f4 05 00 c6 22 e8 c2 3c 00 00 00 3c 00 00 00
07c0   ff ff ff ff ff ff 00 0e 8c 8a 9d 07 08 06 00 01
07d0   08 00 06 04 00 01 00 0e 8c 8a 9d 07 c0 a8 0b 01
07e0   1e 06 e1 40 c0 a8 c0 a8 0b 03 00 00 00 00 00 00
07f0   00 00 00 00 00 00 00 00 00 00 00 00 5c 00 00 00
0800   06 00 00 00 80 00 00 00 00 00 00 00 43 f4 05 00
0810   3c bf ec c2 60 00 00 00 60 00 00 00 01 80 c2 00
0820   00 0e 00 0e 8c 8a 9b ec 88 cc 02 08 07 70 6e 2d
0830   69 6f 2d 32 04 09 07 70 6f 72 74 2d 30 30 31 06
0840   02 00 14 10 14 05 01 c0 a8 0b 02 02 00 00 00 01
0850   08 2b 06 01 04 01 81 c0 6e fe 08 00 0e cf 02 00
0860   00 00 00 fe 0a 00 0e cf 05 00 0e 8c 8a 9b eb fe
0870   09 00 12 0f 01 03 6c 00 00 10 00 00 80 00 00 00
0880   06 00 00 00 80 00 00 00 00 00 00 00 43 f4 05 00
0890   f8 1d ed c2 60 00 00 00 60 00 00 00 01 80 c2 00
08a0   00 0e 00 0e 8c 8a 9c e3 88 cc 02 08 07 70 6e 2d
08b0   69 6f 2d 34 04 09 07 70 6f 72 74 2d 30 30 31 06
08c0   02 00 14 10 14 05 01 c0 a8 0b 04 02 00 00 00 01
08d0   08 2b 06 01 04 01 81 c0 6e fe 08 00 0e cf 02 00
08e0   00 00 00 fe 0a 00 0e cf 05 00 0e 8c 8a 9c e2 fe
08f0   09 00 12 0f 01 03 6c 00 00 10 00 00 80 00 00 00
0900   06 00 00 00 80 00 00 00 00 00 00 00 43 f4 05 00
0910   be 30 f5 c2 60 00 00 00 60 00 00 00 01 80 c2 00
0920   00 0e 00 0e 8c 8a 9d 30 88 cc 02 08 07 70 6e 2d
0930   69 6f 2d 33 04 09 07 70 6f 72 74 2d 30 30 31 06
0940   02 00 14 10 14 05 01 c0 a8 0b 03 02 00 00 00 01
0950   08 2b 06 01 04 01 81 c0 6e fe 08 00 0e cf 02 00
0960   00 00 00 fe 0a 00 0e cf 05 00 0e 8c 8a 9d 2f fe
0970   09 00 12 0f 01 03 6c 00 00 10 00 00 80 00 00 00
0980   06 00 00 00 dc 00 00 00 00 00 00 00 43 f4 05 00
0990   8f c9 0b c3 b9 00 00 00 b9 00 00 00 01 80 c2 00
09a0   00 0e 00 1b 1b bf fa c9 88 cc 02 08 07 70 63 73
09b0   37 2d 70 63 04 09 07 70 6f 72 74 2d 30 30 31 06
09c0   02 00 14 0a 07 50 43 53 37 2d 50 43 0c 48 53 49
09d0   45 4d 45 4e 53 20 41 47 20 53 49 4d 41 54 49 43
09e0   20 46 69 65 6c 64 20 50 47 20 4d 34 2c 36 45 53
09f0   37 37 31 36 2d 32 43 41 31 30 2d 30 43 42 34 2c
0a00   46 35 39 35 33 36 37 38 20 2b 20 65 6e 67 69 6e
0a10   65 65 72 69 6e 67 0e 04 00 80 00 80 10 14 05 01
0a20   00 00 00 00 02 00 00 00 01 08 2b 06 01 04 01 81
0a30   c0 6e fe 08 00 0e cf 02 00 00 00 00 fe 0a 00 0e
0a40   cf 05 00 1b 1b bf fa c9 fe 09 00 12 0f 01 03 ec
0a50   03 00 1e 00 00 00 00 00 dc 00 00 00 06 00 00 00
0a60   80 00 00 00 00 00 00 00 43 f4 05 00 5f 49 2e c3
0a70   60 00 00 00 60 00 00 00 01 80 c2 00 00 0e 00 0e
0a80   8c 8a 9d 08 88 cc 02 08 07 70 6e 2d 69 6f 2d 31
0a90   04 09 07 70 6f 72 74 2d 30 30 31 06 02 00 14 10
0aa0   14 05 01 c0 a8 0b 01 02 00 00 00 01 08 2b 06 01
0ab0   04 01 81 c0 6e fe 08 00 0e cf 02 00 00 00 00 fe
0ac0   0a 00 0e cf 05 00 0e 8c 8a 9d 07 fe 09 00 12 0f
0ad0   01 03 6c 00 00 10 00 00 80 00 00 00 06 00 00 00
0ae0   80 00 00 00 00 00 00 00 43 f4 05 00 53 08 39 c3
0af0   60 00 00 00 60 00 00 00 01 80 c2 00 00 0e 00 0e
0b00   8c 8a 9b ec 88 cc 02 08 07 70 6e 2d 69 6f 2d 32
0b10   04 09 07 70 6f 72 74 2d 30 30 31 06 02 00 14 10
0b20   14 05 01 c0 a8 0b 02 02 00 00 00 01 08 2b 06 01
0b30   04 01 81 c0 6e fe 08 00 0e cf 02 00 00 00 00 fe
0b40   0a 00 0e cf 05 00 0e 8c 8a 9b eb fe 09 00 12 0f
0b50   01 03 6c 00 00 10 00 00 80 00 00 00 06 00 00 00
0b60   80 00 00 00 00 00 00 00 43 f4 05 00 a7 66 39 c3
0b70   60 00 00 00 60 00 00 00 01 80 c2 00 00 0e 00 0e
0b80   8c 8a 9c e3 88 cc 02 08 07 70 6e 2d 69 6f 2d 34
0b90   04 09 07 70 6f 72 74 2d 30 30 31 06 02 00 14 10
0ba0   14 05 01 c0 a8 0b 04 02 00 00 00 01 08 2b 06 01
0bb0   04 01 81 c0 6e fe 08 00 0e cf 02 00 00 00 00 fe
0bc0   0a 00 0e cf 05 00 0e 8c 8a 9c e2 fe 09 00 12 0f
0bd0   01 03 6c 00 00 10 00 00 80 00 00 00 06 00 00 00
0be0   80 00 00 00 00 00 00 00 43 f4 05 00 45 79 41 c3
0bf0   60 00 00 00 60 00 00 00 01 80 c2 00 00 0e 00 0e
0c00   8c 8a 9d 30 88 cc 02 08 07 70 6e 2d 69 6f 2d 33
0c10   04 09 07 70 6f 72 74 2d 30 30 31 06 02 00 14 10
0c20   14 05 01 c0 a8 0b 03 02 00 00 00 01 08 2b 06 01
0c30   04 01 81 c0 6e fe 08 00 0e cf 02 00 00 00 00 fe
0c40   0a 00 0e cf 05 00 0e 8c 8a 9d 2f fe 09 00 12 0f
0c50   01 03 6c 00 00 10 00 00 80 00 00 00 06 00 00 00
0c60   80 00 00 00 00 00 00 00 43 f4 05 00 cd 91 7a c3
0c70   60 00 00 00 60 00 00 00 01 80 c2 00 00 0e 00 0e
0c80   8c 8a 9d 08 88 cc 02 08 07 70 6e 2d 69 6f 2d 31
0c90   04 09 07 70 6f 72 74 2d 30 30 31 06 02 00 14 10
0ca0   14 05 01 c0 a8 0b 01 02 00 00 00 01 08 2b 06 01
0cb0   04 01 81 c0 6e fe 08 00 0e cf 02 00 00 00 00 fe
0cc0   0a 00 0e cf 05 00 0e 8c 8a 9d 07 fe 09 00 12 0f
0cd0   01 03 6c 00 00 10 00 00 80 00 00 00 06 00 00 00
0ce0   80 00 00 00 00 00 00 00 43 f4 05 00 7b 4f 85 c3
0cf0   60 00 00 00 60 00 00 00 01 80 c2 00 00 0e 00 0e
0d00   8c 8a 9b ec 88 cc 02 08 07 70 6e 2d 69 6f 2d 32
0d10   04 09 07 70 6f 72 74 2d 30 30 31 06 02 00 14 10
0d20   14 05 01 c0 a8 0b 02 02 00 00 00 01 08 2b 06 01
0d30   04 01 81 c0 6e fe 08 00 0e cf 02 00 00 00 00 fe
0d40   0a 00 0e cf 05 00 0e 8c 8a 9b eb fe 09 00 12 0f
0d50   01 03 6c 00 00 10 00 00 80 00 00 00 06 00 00 00
0d60   80 00 00 00 00 00 00 00 43 f4 05 00 e2 ae 85 c3
0d70   60 00 00 00 60 00 00 00 01 80 c2 00 00 0e 00 0e
0d80   8c 8a 9c e3 88 cc 02 08 07 70 6e 2d 69 6f 2d 34
0d90   04 09 07 70 6f 72 74 2d 30 30 31 06 02 00 14 10
0da0   14 05 01 c0 a8 0b 04 02 00 00 00 01 08 2b 06 01
0db0   04 01 81 c0 6e fe 08 00 0e cf 02 00 00 00 00 fe
0dc0   0a 00 0e cf 05 00 0e 8c 8a 9c e2 fe 09 00 12 0f
0dd0   01 03 6c 00 00 10 00 00 80 00 00 00 06 00 00 00
0de0   dc 00 00 00 00 00 00 00 43 f4 05 00 8a dc 85 c3
0df0   b9 00 00 00 b9 00 00 00 01 80 c2 00 00 0e 00 1b
0e00   1b bf fa c9 88 cc 02 08 07 70 63 73 37 2d 70 63
0e10   04 09 07 70 6f 72 74 2d 30 30 31 06 02 00 14 0a
0e20   07 50 43 53 37 2d 50 43 0c 48 53 49 45 4d 45 4e
0e30   53 20 41 47 20 53 49 4d 41 54 49 43 20 46 69 65
0e40   6c 64 20 50 47 20 4d 34 2c 36 45 53 37 37 31 36
0e50   2d 32 43 41 31 30 2d 30 43 42 34 2c 46 35 39 35
0e60   33 36 37 38 20 2b 20 65 6e 67 69 6e 65 65 72 69
0e70   6e 67 0e 04 00 80 00 80 10 14 05 01 00 00 00 00
0e80   02 00 00 00 01 08 2b 06 01 04 01 81 c0 6e fe 08
0e90   00 0e cf 02 00 00 00 00 fe 0a 00 0e cf 05 00 1b
0ea0   1b bf fa c9 fe 09 00 12 0f 01 03 ec 03 00 1e 00
0eb0   00 00 00 00 dc 00 00 00 06 00 00 00 80 00 00 00
0ec0   00 00 00 00 43 f4 05 00 c4 c1 8d c3 60 00 00 00
0ed0   60 00 00 00 01 80 c2 00 00 0e 00 0e 8c 8a 9d 30
0ee0   88 cc 02 08 07 70 6e 2d 69 6f 2d 33 04 09 07 70
0ef0   6f 72 74 2d 30 30 31 06 02 00 14 10 14 05 01 c0
0f00   a8 0b 03 02 00 00 00 01 08 2b 06 01 04 01 81 c0
0f10   6e fe 08 00 0e cf 02 00 00 00 00 fe 0a 00 0e cf
0f20   05 00 0e 8c 8a 9d 2f fe 09 00 12 0f 01 03 6c 00
0f30   00 10 00 00 80 00 00 00 05 00 00 00 6c 00 00 00
0f40   00 00 00 00 43 f4 05 00 43 dd 90 c3 01 00 1c 00
0f50   43 6f 75 6e 74 65 72 73 20 70 72 6f 76 69 64 65
0f60   64 20 62 79 20 64 75 6d 70 63 61 70 02 00 08 00
0f70   43 f4 05 00 43 fd 16 c2 03 00 08 00 43 f4 05 00
0f80   43 dd 90 c3 04 00 08 00 19 00 00 00 00 00 00 00
0f90   05 00 08 00 00 00 00 00 00 00 00 00 00 00 00 00