0000   0a 0d 0d 0a c4 00 00 00 4d 3c 2b 1a 01 00 00 00
0010   ff ff ff ff ff ff ff ff 02 00 36 00 49 6e 74 65
0020   6c 28 52 29 20 43 6f 72 65 28 54 4d 29 20 69 37
0030   2d 33 35 34 30 4d 20 43 50 55 20 40 20 33 2e 30
0040   30 47 48 7a 20 28 77 69 74 68 20 53 53 45 34 2e
0050   32 29 00 00 03 00 2b 00 36 34 2d 62 69 74 20 57
0060   69 6e 64 6f 77 73 20 37 20 53 65 72 76 69 63 65
0070   20 50 61 63 6b 20 31 2c 20 62 75 69 6c 64 20 37
0080   36 30 31 00 04 00 32 00 44 75 6d 70 63 61 70 20
0090   28 57 69 72 65 73 68 61 72 6b 29 20 34 2e 30 2e
00a0   33 20 28 76 34 2e 30 2e 33 2d 30 2d 67 63 35 35
00b0   32 66 37 34 63 64 63 32 33 29 00 00 00 00 00 00
00c0   c4 00 00 00 01 00 00 00 a8 00 00 00 01 00 00 00
00d0   00 00 04 00 02 00 32 00 5c 44 65 76 69 63 65 5c
00e0   4e 50 46 5f 7b 35 46 39 33 38 45 41 43 2d 44 36
00f0   41 37 2d 34 37 34 35 2d 42 45 36 44 2d 35 39 36
0100   43 43 42 37 42 35 45 42 46 7d 00 00 03 00 1a 00
0110   5b 50 31 5d 20 4c 6f 63 61 6c 20 41 72 65 61 20
0120   43 6f 6e 6e 65 63 74 69 6f 6e 00 00 09 00 01 00
0130   06 00 00 00 0c 00 2b 00 36 34 2d 62 69 74 20 57
0140   69 6e 64 6f 77 73 20 37 20 53 65 72 76 69 63 65
0150   20 50 61 63 6b 20 31 2c 20 62 75 69 6c 64 20 37
0160   36 30 31 00 00 00 00 00 a8 00 00 00 06 00 00 00
0170   80 00 00 00 00 00 00 00 43 f4 05 00 88 48 44 c5
0180   60 00 00 00 60 00 00 00 01 80 c2 00 00 0e 00 0e
0190   8c 8a 9d 08 88 cc 02 08 07 70 6e 2d 69 6f 2d 31
01a0   04 09 07 70 6f 72 74 2d 30 30 31 06 02 00 14 10
01b0   14 05 01 c0 a8 0b 01 02 00 00 00 01 08 2b 06 01
01c0   04 01 81 c0 6e fe 08 00 0e cf 02 00 00 00 00 fe
01d0   0a 00 0e cf 05 00 0e 8c 8a 9d 07 fe 09 00 12 0f
01e0   01 03 6c 00 00 10 00 00 80 00 00 00 06 00 00 00
01f0   80 00 00 00 00 00 00 00 43 f4 05 00 e8 08 4f c5
0200   60 00 00 00 60 00 00 00 01 80 c2 00 00 0e 00 0e
0210   8c 8a 9b ec 88 cc 02 08 07 70 6e 2d 69 6f 2d 32
0220   04 09 07 70 6f 72 74 2d 30 30 31 06 02 00 14 10
0230   14 05 01 c0 a8 0b 02 02 00 00 00 01 08 2b 06 01
0240   04 01 81 c0 6e fe 08 00 0e cf 02 00 00 00 00 fe
0250   0a 00 0e cf 05 00 0e 8c 8a 9b eb fe 09 00 12 0f
0260   01 03 6c 00 00 10 00 00 80 00 00 00 06 00 00 00
0270   80 00 00 00 00 00 00 00 43 f4 05 00 2d 66 4f c5
0280   60 00 00 00 60 00 00 00 01 80 c2 00 00 0e 00 0e
0290   8c 8a 9c e3 88 cc 02 08 07 70 6e 2d 69 6f 2d 34
02a0   04 09 07 70 6f 72 74 2d 30 30 31 06 02 00 14 10
02b0   14 05 01 c0 a8 0b 04 02 00 00 00 01 08 2b 06 01
02c0   04 01 81 c0 6e fe 08 00 0e cf 02 00 00 00 00 fe
02d0   0a 00 0e cf 05 00 0e 8c 8a 9c e2 fe 09 00 12 0f
02e0   01 03 6c 00 00 10 00 00 80 00 00 00 06 00 00 00
02f0   80 00 00 00 00 00 00 00 43 f4 05 00 f2 7a 57 c5
0300   60 00 00 00 60 00 00 00 01 80 c2 00 00 0e 00 0e
0310   8c 8a 9d 30 88 cc 02 08 07 70 6e 2d 69 6f 2d 33
0320   04 09 07 70 6f 72 74 2d 30 30 31 06 02 00 14 10
0330   14 05 01 c0 a8 0b 03 02 00 00 00 01 08 2b 06 01
0340   04 01 81 c0 6e fe 08 00 0e cf 02 00 00 00 00 fe
0350   0a 00 0e cf 05 00 0e 8c 8a 9d 2f fe 09 00 12 0f
0360   01 03 6c 00 00 10 00 00 80 00 00 00 06 00 00 00
0370   dc 00 00 00 00 00 00 00 43 f4 05 00 08 2f 6e c5
0380   b9 00 00 00 b9 00 00 00 01 80 c2 00 00 0e 00 1b
0390   1b bf fa c9 88 cc 02 08 07 70 63 73 37 2d 70 63
03a0   04 09 07 70 6f 72 74 2d 30 30 31 06 02 00 14 0a
03b0   07 50 43 53 37 2d 50 43 0c 48 53 49 45 4d 45 4e
03c0   53 20 41 47 20 53 49 4d 41 54 49 43 20 46 69 65
03d0   6c 64 20 50 47 20 4d 34 2c 36 45 53 37 37 31 36
03e0   2d 32 43 41 31 30 2d 30 43 42 34 2c 46 35 39 35
03f0   33 36 37 38 20 2b 20 65 6e 67 69 6e 65 65 72 69
0400   6e 67 0e 04 00 80 00 80 10 14 05 01 00 00 00 00
0410   02 00 00 00 01 08 2b 06 01 04 01 81 c0 6e fe 08
0420   00 0e cf 02 00 00 00 00 fe 0a 00 0e cf 05 00 1b
0430   1b bf fa c9 fe 09 00 12 0f 01 03 ec 03 00 1e 00
0440   00 00 00 00 dc 00 00 00 06 00 00 00 80 00 00 00
0450   00 00 00 00 43 f4 05 00 26 92 90 c5 60 00 00 00
0460   60 00 00 00 01 80 c2 00 00 0e 00 0e 8c 8a 9d 08
0470   88 cc 02 08 07 70 6e 2d 69 6f 2d 31 04 09 07 70
0480   6f 72 74 2d 30 30 31 06 02 00 14 10 14 05 01 c0
0490   a8 0b 01 02 00 00 00 01 08 2b 06 01 04 01 81 c0
04a0   6e fe 08 00 0e cf 02 00 00 00 00 fe 0a 00 0e cf
04b0   05 00 0e 8c 8a 9d 07 fe 09 00 12 0f 01 03 6c 00
04c0   00 10 00 00 80 00 00 00 06 00 00 00 80 00 00 00
04d0   00 00 00 00 43 f4 05 00 dd 50 9b c5 60 00 00 00
04e0   60 00 00 00 01 80 c2 00 00 0e 00 0e 8c 8a 9b ec
04f0   88 cc 02 08 07 70 6e 2d 69 6f 2d 32 04 09 07 70
0500   6f 72 74 2d 30 30 31 06 02 00 14 10 14 05 01 c0
0510   a8 0b 02 02 00 00 00 01 08 2b 06 01 04 01 81 c0
0520   6e fe 08 00 0e cf 02 00 00 00 00 fe 0a 00 0e cf
0530   05 00 0e 8c 8a 9b eb fe 09 00 12 0f 01 03 6c 00
0540   00 10 00 00 80 00 00 00 06 00 00 00 80 00 00 00
0550   00 00 00 00 43 f4 05 00 74 ae 9b c5 60 00 00 00
0560   60 00 00 00 01 80 c2 00 00 0e 00 0e 8c 8a 9c e3
0570   88 cc 02 08 07 70 6e 2d 69 6f 2d 34 04 09 07 70
0580   6f 72 74 2d 30 30 31 06 02 00 14 10 14 05 01 c0
0590   a8 0b 04 02 00 00 00 01 08 2b 06 01 04 01 81 c0
05a0   6e fe 08 00 0e cf 02 00 00 00 00 fe 0a 00 0e cf
05b0   05 00 0e 8c 8a 9c e2 fe 09 00 12 0f 01 03 6c 00
05c0   00 10 00 00 80 00 00 00 06 00 00 00 80 00 00 00
05d0   00 00 00 00 43 f4 05 00 92 c2 a3 c5 60 00 00 00
05e0   60 00 00 00 01 80 c2 00 00 0e 00 0e 8c 8a 9d 30
05f0   88 cc 02 08 07 70 6e 2d 69 6f 2d 33 04 09 07 70
0600   6f 72 74 2d 30 30 31 06 02 00 14 10 14 05 01 c0
0610   a8 0b 03 02 00 00 00 01 08 2b 06 01 04 01 81 c0
0620   6e fe 08 00 0e cf 02 00 00 00 00 fe 0a 00 0e cf
0630   05 00 0e 8c 8a 9d 2f fe 09 00 12 0f 01 03 6c 00
0640   00 10 00 00 80 00 00 00 06 00 00 00 80 00 00 00
0650   00 00 00 00 43 f4 05 00 56 d9 dc c5 60 00 00 00
0660   60 00 00 00 01 80 c2 00 00 0e 00 0e 8c 8a 9d 08
0670   88 cc 02 08 07 70 6e 2d 69 6f 2d 31 04 09 07 70
0680   6f 72 74 2d 30 30 31 06 02 00 14 10 14 05 01 c0
0690   a8 0b 01 02 00 00 00 01 08 2b 06 01 04 01 81 c0
06a0   6e fe 08 00 0e cf 02 00 00 00 00 fe 0a 00 0e cf
06b0   05 00 0e 8c 8a 9d 07 fe 09 00 12 0f 01 03 6c 00
06c0   00 10 00 00 80 00 00 00 06 00 00 00 5c 00 00 00
06d0   00 00 00 00 43 f4 05 00 14 6e e3 c5 3c 00 00 00
06e0   3c 00 00 00 ff ff ff ff ff ff 00 0e 8c 8a 9c e2
06f0   08 06 00 01 08 00 06 04 00 01 00 0e 8c 8a 9c e2
0700   c0 a8 0b 04 31 4c 37 cc 21 cc c0 a8 0b 01 00 00
0710   00 00 00 00 00 00 00 00 00 00 00 00 00 00 00 00
0720   5c 00 00 00 06 00 00 00 5c 00 00 00 00 00 00 00
0730   43 f4 05 00 08 db e3 c5 3c 00 00 00 3c 00 00 00
0740   ff ff ff ff ff ff 00 0e 8c 8a 9d 2f 08 06 00 01
0750   08 00 06 04 00 01 00 0e 8c 8a 9d 2f c0 a8 0b 03
0760   43 c8 33 4c 3a 4c c0 a8 0b 04 00 00 00 00 00 00
0770   00 00 00 00 00 00 00 00 00 00 00 00 5c 00 00 00
0780   06 00 00 00 80 00 00 00 00 00 00 00 43 f4 05 00
0790   d5 98 e7 c5 60 00 00 00 60 00 00 00 01 80 c2 00
07a0   00 0e 00 0e 8c 8a 9b ec 88 cc 02 08 07 70 6e 2d
07b0   69 6f 2d 32 04 09 07 70 6f 72 74 2d 30 30 31 06
07c0   02 00 14 10 14 05 01 c0 a8 0b 02 02 00 00 00 01
07d0   08 2b 06 01 04 01 81 c0 6e fe 08 00 0e cf 02 00
07e0   00 00 00 fe 0a 00 0e cf 05 00 0e 8c 8a 9b eb fe
07f0   09 00 12 0f 01 03 6c 00 00 10 00 00 80 00 00 00
0800   06 00 00 00 80 00 00 00 00 00 00 00 43 f4 05 00
0810   06 f7 e7 c5 60 00 00 00 60 00 00 00 01 80 c2 00
0820   00 0e 00 0e 8c 8a 9c e3 88 cc 02 08 07 70 6e 2d
0830   69 6f 2d 34 04 09 07 70 6f 72 74 2d 30 30 31 06
0840   02 00 14 10 14 05 01 c0 a8 0b 04 02 00 00 00 01
0850   08 2b 06 01 04 01 81 c0 6e fe 08 00 0e cf 02 00
0860   00 00 00 fe 0a 00 0e cf 05 00 0e 8c 8a 9c e2 fe
0870   09 00 12 0f 01 03 6c 00 00 10 00 00 80 00 00 00
0880   06 00 00 00 dc 00 00 00 00 00 00 00 43 f4 05 00
0890   20 42 e8 c5 b9 00 00 00 b9 00 00 00 01 80 c2 00
08a0   00 0e 00 1b 1b bf fa c9 88 cc 02 08 07 70 63 73
08b0   37 2d 70 63 04 09 07 70 6f 72 74 2d 30 30 31 06
08c0   02 00 14 0a 07 50 43 53 37 2d 50 43 0c 48 53 49
08d0   45 4d 45 4e 53 20 41 47 20 53 49 4d 41 54 49 43
08e0   20 46 69 65 6c 64 20 50 47 20 4d 34 2c 36 45 53
08f0   37 37 31 36 2d 32 43 41 31 30 2d 30 43 42 34 2c
0900   46 35 39 35 33 36 37 38 20 2b 20 65 6e 67 69 6e
0910   65 65 72 69 6e 67 0e 04 00 80 00 80 10 14 05 01
0920   00 00 00 00 02 00 00 00 01 08 2b 06 01 04 01 81
0930   c0 6e fe 08 00 0e cf 02 00 00 00 00 fe 0a 00 0e
0940   cf 05 00 1b 1b bf fa c9 fe 09 00 12 0f 01 03 ec
0950   03 00 1e 00 00 00 00 00 dc 00 00 00 06 00 00 00
0960   80 00 00 00 00 00 00 00 43 f4 05 00 21 0c f0 c5
0970   60 00 00 00 60 00 00 00 01 80 c2 00 00 0e 00 0e
0980   8c 8a 9d 30 88 cc 02 08 07 70 6e 2d 69 6f 2d 33
0990   04 09 07 70 6f 72 74 2d 30 30 31 06 02 00 14 10
09a0   14 05 01 c0 a8 0b 03 02 00 00 00 01 08 2b 06 01
09b0   04 01 81 c0 6e fe 08 00 0e cf 02 00 00 00 00 fe
09c0   0a 00 0e cf 05 00 0e 8c 8a 9d 2f fe 09 00 12 0f
09d0   01 03 6c 00 00 10 00 00 80 00 00 00 06 00 00 00
09e0   80 00 00 00 00 00 00 00 43 f4 05 00 e1 22 29 c6
09f0   60 00 00 00 60 00 00 00 01 80 c2 00 00 0e 00 0e
0a00   8c 8a 9d 08 88 cc 02 08 07 70 6e 2d 69 6f 2d 31
0a10   04 09 07 70 6f 72 74 2d 30 30 31 06 02 00 14 10
0a20   14 05 01 c0 a8 0b 01 02 00 00 00 01 08 2b 06 01
0a30   04 01 81 c0 6e fe 08 00 0e cf 02 00 00 00 00 fe
0a40   0a 00 0e cf 05 00 0e 8c 8a 9d 07 fe 09 00 12 0f
0a50   01 03 6c 00 00 10 00 00 80 00 00 00 06 00 00 00
0a60   80 00 00 00 00 00 00 00 43 f4 05 00 b6 e1 33 c6
0a70   60 00 00 00 60 00 00 00 01 80 c2 00 00 0e 00 0e
0a80   8c 8a 9b ec 88 cc 02 08 07 70 6e 2d 69 6f 2d 32
0a90   04 09 07 70 6f 72 74 2d 30 30 31 06 02 00 14 10
0aa0   14 05 01 c0 a8 0b 02 02 00 00 00 01 08 2b 06 01
0ab0   04 01 81 c0 6e fe 08 00 0e cf 02 00 00 00 00 fe
0ac0   0a 00 0e cf 05 00 0e 8c 8a 9b eb fe 09 00 12 0f
0ad0   01 03 6c 00 00 10 00 00 80 00 00 00 06 00 00 00
0ae0   80 00 00 00 00 00 00 00 43 f4 05 00 55 3f 34 c6
0af0   60 00 00 00 60 00 00 00 01 80 c2 00 00 0e 00 0e
0b00   8c 8a 9c e3 88 cc 02 08 07 70 6e 2d 69 6f 2d 34
0b10   04 09 07 70 6f 72 74 2d 30 30 31 06 02 00 14 10
0b20   14 05 01 c0 a8 0b 04 02 00 00 00 01 08 2b 06 01
0b30   04 01 81 c0 6e fe 08 00 0e cf 02 00 00 00 00 fe
0b40   0a 00 0e cf 05 00 0e 8c 8a 9c e2 fe 09 00 12 0f
0b50   01 03 6c 00 00 10 00 00 80 00 00 00 06 00 00 00
0b60   80 00 00 00 00 00 00 00 43 f4 05 00 49 54 3c c6
0b70   60 00 00 00 60 00 00 00 01 80 c2 00 00 0e 00 0e
0b80   8c 8a 9d 30 88 cc 02 08 07 70 6e 2d 69 6f 2d 33
0b90   04 09 07 70 6f 72 74 2d 30 30 31 06 02 00 14 10
0ba0   14 05 01 c0 a8 0b 03 02 00 00 00 01 08 2b 06 01
0bb0   04 01 81 c0 6e fe 08 00 0e cf 02 00 00 00 00 fe
0bc0   0a 00 0e cf 05 00 0e 8c 8a 9d 2f fe 09 00 12 0f
0bd0   01 03 6c 00 00 10 00 00 80 00 00 00 06 00 00 00
0be0   dc 00 00 00 00 00 00 00 43 f4 05 00 5d 55 62 c6
0bf0   b9 00 00 00 b9 00 00 00 01 80 c2 00 00 0e 00 1b
0c00   1b bf fa c9 88 cc 02 08 07 70 63 73 37 2d 70 63
0c10   04 09 07 70 6f 72 74 2d 30 30 31 06 02 00 14 0a
0c20   07 50 43 53 37 2d 50 43 0c 48 53 49 45 4d 45 4e
0c30   53 20 41 47 20 53 49 4d 41 54 49 43 20 46 69 65
0c40   6c 64 20 50 47 20 4d 34 2c 36 45 53 37 37 31 36
0c50   2d 32 43 41 31 30 2d 30 43 42 34 2c 46 35 39 35
0c60   33 36 37 38 20 2b 20 65 6e 67 69 6e 65 65 72 69
0c70   6e 67 0e 04 00 80 00 80 10 14 05 01 00 00 00 00
0c80   02 00 00 00 01 08 2b 06 01 04 01 81 c0 6e fe 08
0c90   00 0e cf 02 00 00 00 00 fe 0a 00 0e cf 05 00 1b
0ca0   1b bf fa c9 fe 09 00 12 0f 01 03 ec 03 00 1e 00
0cb0   00 00 00 00 dc 00 00 00 06 00 00 00 80 00 00 00
0cc0   00 00 00 00 43 f4 05 00 17 6a 75 c6 60 00 00 00
0cd0   60 00 00 00 01 80 c2 00 00 0e 00 0e 8c 8a 9d 08
0ce0   88 cc 02 08 07 70 6e 2d 69 6f 2d 31 04 09 07 70
0cf0   6f 72 74 2d 30 30 31 06 02 00 14 10 14 05 01 c0
0d00   a8 0b 01 02 00 00 00 01 08 2b 06 01 04 01 81 c0
0d10   6e fe 08 00 0e cf 02 00 00 00 00 fe 0a 00 0e cf
0d20   05 00 0e 8c 8a 9d 07 fe 09 00 12 0f 01 03 6c 00
0d30   00 10 00 00 80 00 00 00 06 00 00 00 80 00 00 00
0d40   00 00 00 00 43 f4 05 00 59 2a 80 c6 60 00 00 00
0d50   60 00 00 00 01 80 c2 00 00 0e 00 0e 8c 8a 9b ec
0d60   88 cc 02 08 07 70 6e 2d 69 6f 2d 32 04 09 07 70
0d70   6f 72 74 2d 30 30 31 06 02 00 14 10 14 05 01 c0
0d80   a8 0b 02 02 00 00 00 01 08 2b 06 01 04 01 81 c0
0d90   6e fe 08 00 0e cf 02 00 00 00 00 fe 0a 00 0e cf
0da0   05 00 0e 8c 8a 9b eb fe 09 00 12 0f 01 03 6c 00
0db0   00 10 00 00 80 00 00 00 06 00 00 00 80 00 00 00
0dc0   00 00 00 00 43 f4 05 00 6a 87 80 c6 60 00 00 00
0dd0   60 00 00 00 01 80 c2 00 00 0e 00 0e 8c 8a 9c e3
0de0   88 cc 02 08 07 70 6e 2d 69 6f 2d 34 04 09 07 70
0df0   6f 72 74 2d 30 30 31 06 02 00 14 10 14 05 01 c0
0e00   a8 0b 04 02 00 00 00 01 08 2b 06 01 04 01 81 c0
0e10   6e fe 08 00 0e cf 02 00 00 00 00 fe 0a 00 0e cf
0e20   05 00 0e 8c 8a 9c e2 fe 09 00 12 0f 01 03 6c 00
0e30   00 10 00 00 80 00 00 00 06 00 00 00 80 00 00 00
0e40   00 00 00 00 43 f4 05 00 e0 9b 88 c6 60 00 00 00
0e50   60 00 00 00 01 80 c2 00 00 0e 00 0e 8c 8a 9d 30
0e60   88 cc 02 08 07 70 6e 2d 69 6f 2d 33 04 09 07 70
0e70   6f 72 74 2d 30 30 31 06 02 00 14 10 14 05 01 c0
0e80   a8 0b 03 02 00 00 00 01 08 2b 06 01 04 01 81 c0
0e90   6e fe 08 00 0e cf 02 00 00 00 00 fe 0a 00 0e cf
0ea0   05 00 0e 8c 8a 9d 2f fe 09 00 12 0f 01 03 6c 00
0eb0   00 10 00 00 80 00 00 00 05 00 00 00 6c 00 00 00
0ec0   00 00 00 00 43 f4 05 00 6e 7b 89 c6 01 00 1c 00
0ed0   43 6f 75 6e 74 65 72 73 20 70 72 6f 76 69 64 65
0ee0   64 20 62 79 20 64 75 6d 70 63 61 70 02 00 08 00
0ef0   43 f4 05 00 70 5e 41 c5 03 00 08 00 43 f4 05 00
0f00   6e 7b 89 c6 04 00 08 00 19 00 00 00 00 00 00 00
0f10   05 00 08 00 00 00 00 00 00 00 00 00 00 00 00 00