0000   0a 0d 0d 0a c4 00 00 00 4d 3c 2b 1a 01 00 00 00
0010   ff ff ff ff ff ff ff ff 02 00 36 00 49 6e 74 65
0020   6c 28 52 29 20 43 6f 72 65 28 54 4d 29 20 69 37
0030   2d 33 35 34 30 4d 20 43 50 55 20 40 20 33 2e 30
0040   30 47 48 7a 20 28 77 69 74 68 20 53 53 45 34 2e
0050   32 29 00 00 03 00 2b 00 36 34 2d 62 69 74 20 57
0060   69 6e 64 6f 77 73 20 37 20 53 65 72 76 69 63 65
0070   20 50 61 63 6b 20 31 2c 20 62 75 69 6c 64 20 37
0080   36 30 31 00 04 00 32 00 44 75 6d 70 63 61 70 20
0090   28 57 69 72 65 73 68 61 72 6b 29 20 34 2e 30 2e
00a0   33 20 28 76 34 2e 30 2e 33 2d 30 2d 67 63 35 35
00b0   32 66 37 34 63 64 63 32 33 29 00 00 00 00 00 00
00c0   c4 00 00 00 01 00 00 00 a8 00 00 00 01 00 00 00
00d0   00 00 04 00 02 00 32 00 5c 44 65 76 69 63 65 5c
00e0   4e 50 46 5f 7b 35 46 39 33 38 45 41 43 2d 44 36
00f0   41 37 2d 34 37 34 35 2d 42 45 36 44 2d 35 39 36
0100   43 43 42 37 42 35 45 42 46 7d 00 00 03 00 1a 00
0110   5b 50 31 5d 20 4c 6f 63 61 6c 20 41 72 65 61 20
0120   43 6f 6e 6e 65 63 74 69 6f 6e 00 00 09 00 01 00
0130   06 00 00 00 0c 00 2b 00 36 34 2d 62 69 74 20 57
0140   69 6e 64 6f 77 73 20 37 20 53 65 72 76 69 63 65
0150   20 50 61 63 6b 20 31 2c 20 62 75 69 6c 64 20 37
0160   36 30 31 00 00 00 00 00 a8 00 00 00 06 00 00 00
0170   64 00 00 00 00 00 00 00 44 f4 05 00 7b 2a 04 16
0180   42 00 00 00 42 00 00 00 00 0e 8c 8a 9d 07 00 1b
0190   1b bf fa c9 08 00 45 00 00 34 39 ef 40 00 80 06
01a0   00 00 c0 a8 0b 0a c0 a8 0b 01 c0 48 00 66 22 b9
01b0   fa b7 00 00 00 00 80 02 20 00 97 82 00 00 02 04
01c0   05 b4 01 03 03 02 01 01 04 02 00 00 64 00 00 00
01d0   06 00 00 00 5c 00 00 00 00 00 00 00 44 f4 05 00
01e0   5f 3b 04 16 3c 00 00 00 3c 00 00 00 ff ff ff ff
01f0   ff ff 00 0e 8c 8a 9d 07 08 06 00 01 08 00 06 04
0200   00 01 00 0e 8c 8a 9d 07 c0 a8 0b 01 1e 06 ca ea
0210   c0 a8 c0 a8 0b 0a 00 00 00 00 00 00 00 00 00 00
0220   00 00 00 00 00 00 00 00 5c 00 00 00 06 00 00 00
0230   4c 00 00 00 00 00 00 00 44 f4 05 00 8c 3b 04 16
0240   2a 00 00 00 2a 00 00 00 00 0e 8c 8a 9d 07 00 1b
0250   1b bf fa c9 08 06 00 01 08 00 06 04 00 02 00 1b
0260   1b bf fa c9 c0 a8 0b 0a 00 0e 8c 8a 9d 07 c0 a8
0270   0b 01 00 00 4c 00 00 00 06 00 00 00 5c 00 00 00
0280   00 00 00 00 44 f4 05 00 ea 42 04 16 3c 00 00 00
0290   3c 00 00 00 00 1b 1b bf fa c9 00 0e 8c 8a 9d 07
02a0   08 00 45 00 00 2c 3d 17 00 00 1e 06 c8 59 c0 a8
02b0   0b 01 c0 a8 0b 0a 00 66 c0 48 00 9c 8f 60 22 b9
02c0   fa b8 60 12 10 00 82 9d 00 00 02 04 05 b4 00 00
02d0   5c 00 00 00 06 00 00 00 58 00 00 00 00 00 00 00
02e0   44 f4 05 00 55 43 04 16 36 00 00 00 36 00 00 00
02f0   00 0e 8c 8a 9d 07 00 1b 1b bf fa c9 08 00 45 00
0300   00 28 39 f0 40 00 80 06 00 00 c0 a8 0b 0a c0 a8
0310   0b 01 c0 48 00 66 22 b9 fa b8 00 9c 8f 61 50 10
0320   fa f0 97 76 00 00 00 00 58 00 00 00 06 00 00 00
0330   6c 00 00 00 00 00 00 00 44 f4 05 00 a4 44 04 16
0340   4c 00 00 00 4c 00 00 00 00 0e 8c 8a 9d 07 00 1b
0350   1b bf fa c9 08 00 45 00 00 3e 39 f1 40 00 80 06
0360   00 00 c0 a8 0b 0a c0 a8 0b 01 c0 48 00 66 22 b9
0370   fa b8 00 9c 8f 61 50 18 fa f0 97 8c 00 00 03 00
0380   00 16 11 e0 00 00 00 0e 00 c1 02 01 00 c2 02 01
0390   02 c0 01 0a 6c 00 00 00 06 00 00 00 6c 00 00 00
03a0   00 00 00 00 44 f4 05 00 1a 6a 04 16 4c 00 00 00
03b0   4c 00 00 00 00 1b 1b bf fa c9 00 0e 8c 8a 9d 07
03c0   08 00 45 00 00 3e 3d 18 00 00 1e 06 c8 46 c0 a8
03d0   0b 01 c0 a8 0b 0a 00 66 c0 48 00 9c 8f 61 22 b9
03e0   fa ce 50 18 10 00 7b de 00 00 03 00 00 16 11 d0
03f0   00 0e 00 05 00 c1 02 01 00 c2 02 01 02 c0 01 0a
0400   6c 00 00 00 06 00 00 00 70 00 00 00 00 00 00 00
0410   44 f4 05 00 9b 6c 04 16 4f 00 00 00 4f 00 00 00
0420   00 0e 8c 8a 9d 07 00 1b 1b bf fa c9 08 00 45 00
0430   00 41 39 f2 40 00 80 06 00 00 c0 a8 0b 0a c0 a8
0440   0b 01 c0 48 00 66 22 b9 fa ce 00 9c 8f 77 50 18
0450   fa da 97 8f 00 00 03 00 00 19 02 f0 80 32 01 00
0460   00 02 00 00 08 00 00 f0 00 00 02 00 02 01 e0 00
0470   70 00 00 00 06 00 00 00 74 00 00 00 00 00 00 00
0480   44 f4 05 00 69 85 04 16 51 00 00 00 51 00 00 00
0490   00 1b 1b bf fa c9 00 0e 8c 8a 9d 07 08 00 45 00
04a0   00 43 3d 19 00 00 1e 06 c8 40 c0 a8 0b 01 c0 a8
04b0   0b 0a 00 66 c0 48 00 9c 8f 77 22 b9 fa e7 50 18
04c0   10 00 13 c2 00 00 03 00 00 1b 02 f0 80 32 03 00
04d0   00 02 00 00 08 00 00 00 00 f0 00 00 02 00 02 00
04e0   f0 00 00 00 74 00 00 00 06 00 00 00 60 00 00 00
04f0   00 00 00 00 44 f4 05 00 74 86 04 16 3d 00 00 00
0500   3d 00 00 00 00 0e 8c 8a 9d 07 00 1b 1b bf fa c9
0510   08 00 45 00 00 2f 39 f3 40 00 80 06 00 00 c0 a8
0520   0b 0a c0 a8 0b 01 c0 48 00 66 22 b9 fa e7 00 9c
0530   8f 92 50 18 fa bf 97 7d 00 00 03 00 00 07 02 f0
0540   00 00 00 00 60 00 00 00 06 00 00 00 78 00 00 00
0550   00 00 00 00 44 f4 05 00 2d 88 04 16 57 00 00 00
0560   57 00 00 00 00 0e 8c 8a 9d 07 00 1b 1b bf fa c9
0570   08 00 45 00 00 49 39 f4 40 00 80 06 00 00 c0 a8
0580   0b 0a c0 a8 0b 01 c0 48 00 66 22 b9 fa ee 00 9c
0590   8f 92 50 18 fa bf 97 97 00 00 03 00 00 21 02 f0
05a0   80 32 07 00 00 03 00 00 08 00 08 00 01 12 04 11
05b0   44 01 00 ff 09 00 04 01 32 00 04 00 78 00 00 00
05c0   06 00 00 00 a8 00 00 00 00 00 00 00 44 f4 05 00
05d0   0d c0 04 16 87 00 00 00 87 00 00 00 00 1b 1b bf
05e0   fa c9 00 0e 8c 8a 9d 07 08 00 45 00 00 79 3d 1a
05f0   00 00 1e 06 c8 09 c0 a8 0b 01 c0 a8 0b 0a 00 66
0600   c0 48 00 9c 8f 92 22 b9 fb 0f 50 18 10 00 06 b4
0610   00 00 03 00 00 51 02 f0 80 32 07 00 00 03 00 00
0620   0c 00 34 00 01 12 08 12 84 01 02 00 00 00 00 ff
0630   09 00 30 01 32 00 04 00 28 00 01 00 04 00 01 00
0640   00 00 01 00 02 00 00 00 00 56 56 fc 01 91 7f 84
0650   0b be 5b 02 56 00 00 00 00 00 00 00 00 00 00 00
0660   00 00 00 00 a8 00 00 00 06 00 00 00 60 00 00 00
0670   00 00 00 00 44 f4 05 00 20 c1 04 16 3d 00 00 00
0680   3d 00 00 00 00 0e 8c 8a 9d 07 00 1b 1b bf fa c9
0690   08 00 45 00 00 2f 39 f5 40 00 80 06 00 00 c0 a8
06a0   0b 0a c0 a8 0b 01 c0 48 00 66 22 b9 fb 0f 00 9c
06b0   8f e3 50 18 fa 6e 97 7d 00 00 03 00 00 07 02 f0
06c0   00 00 00 00 60 00 00 00 06 00 00 00 78 00 00 00
06d0   00 00 00 00 44 f4 05 00 5c c4 04 16 57 00 00 00
06e0   57 00 00 00 00 0e 8c 8a 9d 07 00 1b 1b bf fa c9
06f0   08 00 45 00 00 49 39 f6 40 00 80 06 00 00 c0 a8
0700   0b 0a c0 a8 0b 01 c0 48 00 66 22 b9 fb 16 00 9c
0710   8f e3 50 18 fa 6e 97 97 00 00 03 00 00 21 02 f0
0720   80 32 07 00 00 04 00 00 08 00 08 00 01 12 04 11
0730   44 01 00 ff 09 00 04 00 00 00 00 00 78 00 00 00
0740   06 00 00 00 48 01 00 00 00 00 00 00 44 f4 05 00
0750   a8 fa 04 16 27 01 00 00 27 01 00 00 00 1b 1b bf
0760   fa c9 00 0e 8c 8a 9d 07 08 00 45 00 01 19 3d 1b
0770   00 00 1e 06 c7 68 c0 a8 0b 01 c0 a8 0b 0a 00 66
0780   c0 48 00 9c 8f e3 22 b9 fb 37 50 18 10 00 ec fd
0790   00 00 03 00 00 f1 02 f0 80 32 07 00 00 04 00 00
07a0   0c 00 d4 00 01 12 08 12 84 01 02 00 00 00 00 ff
07b0   09 00 d0 00 00 00 00 00 02 00 64 00 00 0f 00 00
07c0   11 01 11 0f 11 00 12 01 12 0f 12 00 13 00 14 0f
07d0   14 00 15 01 15 00 17 01 17 0f 17 00 18 01 18 0f
07e0   18 00 19 0f 19 00 1a 0f 1a 00 1b 0f 1b 00 1c 01
07f0   1c 0f 1c 00 21 0a 21 0f 21 02 22 00 23 0f 23 00
0800   24 01 24 04 24 05 24 00 25 01 25 02 25 0f 25 01
0810   31 01 32 02 32 00 36 01 36 0f 36 00 37 01 37 0f
0820   37 00 38 01 38 02 38 0f 38 01 39 00 74 01 74 0f
0830   74 05 91 0a 91 0c 91 0d 91 00 92 02 92 06 92 0f
0840   92 00 94 02 94 06 94 07 94 0f 94 00 95 01 95 0f
0850   95 06 96 0c 96 0c 97 0d 97 01 9a 02 9a 0f 9a 00
0860   b1 00 b2 00 b3 00 b4 01 b5 02 b5 03 b5 04 b5 05
0870   b5 06 b5 07 b5 08 b5 01 b6 02 b6 03 b6 04 b6 00
0880   a0 01 a0 00 48 01 00 00 06 00 00 00 60 00 00 00
0890   00 00 00 00 44 f4 05 00 a8 fb 04 16 3d 00 00 00
08a0   3d 00 00 00 00 0e 8c 8a 9d 07 00 1b 1b bf fa c9
08b0   08 00 45 00 00 2f 39 f7 40 00 80 06 00 00 c0 a8
08c0   0b 0a c0 a8 0b 01 c0 48 00 66 22 b9 fb 37 00 9c
08d0   90 d4 50 18 f9 7d 97 7d 00 00 03 00 00 07 02 f0
08e0   00 00 00 00 60 00 00 00 06 00 00 00 78 00 00 00
08f0   00 00 00 00 44 f4 05 00 2d ff 04 16 57 00 00 00
0900   57 00 00 00 00 0e 8c 8a 9d 07 00 1b 1b bf fa c9
0910   08 00 45 00 00 49 39 f8 40 00 80 06 00 00 c0 a8
0920   0b 0a c0 a8 0b 01 c0 48 00 66 22 b9 fb 3e 00 9c
0930   90 d4 50 18 f9 7d 97 97 00 00 03 00 00 21 02 f0
0940   80 32 07 00 00 05 00 00 08 00 08 00 01 12 04 11
0950   44 01 00 ff 09 00 04 01 11 00 01 00 78 00 00 00
0960   06 00 00 00 9c 00 00 00 00 00 00 00 44 f4 05 00
0970   c4 3c 05 16 7b 00 00 00 7b 00 00 00 00 1b 1b bf
0980   fa c9 00 0e 8c 8a 9d 07 08 00 45 00 00 6d 3d 1c
0990   00 00 1e 06 c8 13 c0 a8 0b 01 c0 a8 0b 0a 00 66
09a0   c0 48 00 9c 90 d4 22 b9 fb 5f 50 18 10 00 ff 41
09b0   00 00 03 00 00 45 02 f0 80 32 07 00 00 05 00 00
09c0   0c 00 28 00 01 12 08 12 84 01 02 00 00 00 00 ff
09d0   09 00 24 01 11 00 01 00 1c 00 01 00 01 36 45 53
09e0   37 20 33 31 35 2d 32 46 48 31 33 2d 30 41 42 30
09f0   20 00 c0 00 04 00 01 00 9c 00 00 00 06 00 00 00
0a00   60 00 00 00 00 00 00 00 44 f4 05 00 de 3d 05 16
0a10   3d 00 00 00 3d 00 00 00 00 0e 8c 8a 9d 07 00 1b
0a20   1b bf fa c9 08 00 45 00 00 2f 39 f9 40 00 80 06
0a30   00 00 c0 a8 0b 0a c0 a8 0b 01 c0 48 00 66 22 b9
0a40   fb 5f 00 9c 91 19 50 18 f9 38 97 7d 00 00 03 00
0a50   00 07 02 f0 00 00 00 00 60 00 00 00 06 00 00 00
0a60   dc 00 00 00 00 00 00 00 44 f4 05 00 1d 3e 05 16
0a70   b9 00 00 00 b9 00 00 00 01 80 c2 00 00 0e 00 1b
0a80   1b bf fa c9 88 cc 02 08 07 70 63 73 37 2d 70 63
0a90   04 09 07 70 6f 72 74 2d 30 30 31 06 02 00 14 0a
0aa0   07 50 43 53 37 2d 50 43 0c 48 53 49 45 4d 45 4e
0ab0   53 20 41 47 20 53 49 4d 41 54 49 43 20 46 69 65
0ac0   6c 64 20 50 47 20 4d 34 2c 36 45 53 37 37 31 36
0ad0   2d 32 43 41 31 30 2d 30 43 42 34 2c 46 35 39 35
0ae0   33 36 37 38 20 2b 20 65 6e 67 69 6e 65 65 72 69
0af0   6e 67 0e 04 00 80 00 80 10 14 05 01 00 00 00 00
0b00   02 00 00 00 01 08 2b 06 01 04 01 81 c0 6e fe 08
0b10   00 0e cf 02 00 00 00 00 fe 0a 00 0e cf 05 00 1b
0b20   1b bf fa c9 fe 09 00 12 0f 01 03 ec 03 00 1e 00
0b30   00 00 00 00 dc 00 00 00 06 00 00 00 78 00 00 00
0b40   00 00 00 00 44 f4 05 00 38 41 05 16 57 00 00 00
0b50   57 00 00 00 00 0e 8c 8a 9d 07 00 1b 1b bf fa c9
0b60   08 00 45 00 00 49 39 fa 40 00 80 06 00 00 c0 a8
0b70   0b 0a c0 a8 0b 01 c0 48 00 66 22 b9 fb 66 00 9c
0b80   91 19 50 18 f9 38 97 97 00 00 03 00 00 21 02 f0
0b90   80 32 07 00 00 06 00 00 08 00 08 00 01 12 04 11
0ba0   44 01 00 ff 09 00 04 04 24 00 00 00 78 00 00 00
0bb0   06 00 00 00 80 00 00 00 00 00 00 00 44 f4 05 00
0bc0   bf 4c 05 16 60 00 00 00 60 00 00 00 01 80 c2 00
0bd0   00 0e 00 0e 8c 8a 9d 08 88 cc 02 08 07 70 6e 2d
0be0   69 6f 2d 31 04 09 07 70 6f 72 74 2d 30 30 31 06
0bf0   02 00 14 10 14 05 01 c0 a8 0b 01 02 00 00 00 01
0c00   08 2b 06 01 04 01 81 c0 6e fe 08 00 0e cf 02 00
0c10   00 00 00 fe 0a 00 0e cf 05 00 0e 8c 8a 9d 07 fe
0c20   09 00 12 0f 01 03 6c 00 00 10 00 00 80 00 00 00
0c30   06 00 00 00 5c 00 00 00 00 00 00 00 44 f4 05 00
0c40   58 54 05 16 3c 00 00 00 3c 00 00 00 00 1b 1b bf
0c50   fa c9 00 0e 8c 8a 9d 07 08 00 45 00 00 28 3d 1d
0c60   00 00 1e 06 c8 57 c0 a8 0b 01 c0 a8 0b 0a 00 66
0c70   c0 48 00 9c 91 19 22 b9 fb 87 50 10 0f dc 97 f7
0c80   00 00 00 00 00 00 00 00 5c 00 00 00 06 00 00 00
0c90   94 00 00 00 00 00 00 00 44 f4 05 00 3f 83 05 16
0ca0   73 00 00 00 73 00 00 00 00 1b 1b bf fa c9 00 0e
0cb0   8c 8a 9d 07 08 00 45 00 00 65 3d 1e 00 00 1e 06
0cc0   c8 19 c0 a8 0b 01 c0 a8 0b 0a 00 66 c0 48 00 9c
0cd0   91 19 22 b9 fb 87 50 18 10 00 32 de 00 00 03 00
0ce0   00 3d 02 f0 80 32 07 00 00 06 00 00 0c 00 20 00
0cf0   01 12 08 12 84 01 02 00 00 00 00 ff 09 00 1c 04
0d00   24 00 00 00 14 00 01 51 44 ff 08 00 00 00 00 00
0d10   00 00 00 03 10 11 10 36 48 87 07 00 94 00 00 00
0d20   06 00 00 00 60 00 00 00 00 00 00 00 44 f4 05 00
0d30   2b 84 05 16 3d 00 00 00 3d 00 00 00 00 0e 8c 8a
0d40   9d 07 00 1b 1b bf fa c9 08 00 45 00 00 2f 39 fb
0d50   40 00 80 06 00 00 c0 a8 0b 0a c0 a8 0b 01 c0 48
0d60   00 66 22 b9 fb 87 00 9c 91 56 50 18 f8 fb 97 7d
0d70   00 00 03 00 00 07 02 f0 00 00 00 00 60 00 00 00
0d80   05 00 00 00 6c 00 00 00 00 00 00 00 44 f4 05 00
0d90   a5 08 09 16 01 00 1c 00 43 6f 75 6e 74 65 72 73
0da0   20 70 72 6f 76 69 64 65 64 20 62 79 20 64 75 6d
0db0   70 63 61 70 02 00 08 00 44 f4 05 00 d8 11 df 15
0dc0   03 00 08 00 44 f4 05 00 a5 08 09 16 04 00 08 00
0dd0   19 00 00 00 00 00 00 00 05 00 08 00 00 00 00 00