0000   0a 0d 0d 0a c4 00 00 00 4d 3c 2b 1a 01 00 00 00
0010   ff ff ff ff ff ff ff ff 02 00 36 00 49 6e 74 65
0020   6c 28 52 29 20 43 6f 72 65 28 54 4d 29 20 69 37
0030   2d 33 35 34 30 4d 20 43 50 55 20 40 20 33 2e 30
0040   30 47 48 7a 20 28 77 69 74 68 20 53 53 45 34 2e
0050   32 29 00 00 03 00 2b 00 36 34 2d 62 69 74 20 57
0060   69 6e 64 6f 77 73 20 37 20 53 65 72 76 69 63 65
0070   20 50 61 63 6b 20 31 2c 20 62 75 69 6c 64 20 37
0080   36 30 31 00 04 00 32 00 44 75 6d 70 63 61 70 20
0090   28 57 69 72 65 73 68 61 72 6b 29 20 34 2e 30 2e
00a0   33 20 28 76 34 2e 30 2e 33 2d 30 2d 67 63 35 35
00b0   32 66 37 34 63 64 63 32 33 29 00 00 00 00 00 00
00c0   c4 00 00 00 01 00 00 00 a8 00 00 00 01 00 00 00
00d0   00 00 04 00 02 00 32 00 5c 44 65 76 69 63 65 5c
00e0   4e 50 46 5f 7b 35 46 39 33 38 45 41 43 2d 44 36
00f0   41 37 2d 34 37 34 35 2d 42 45 36 44 2d 35 39 36
0100   43 43 42 37 42 35 45 42 46 7d 00 00 03 00 1a 00
0110   5b 50 31 5d 20 4c 6f 63 61 6c 20 41 72 65 61 20
0120   43 6f 6e 6e 65 63 74 69 6f 6e 00 00 09 00 01 00
0130   06 00 00 00 0c 00 2b 00 36 34 2d 62 69 74 20 57
0140   69 6e 64 6f 77 73 20 37 20 53 65 72 76 69 63 65
0150   20 50 61 63 6b 20 31 2c 20 62 75 69 6c 64 20 37
0160   36 30 31 00 00 00 00 00 a8 00 00 00 06 00 00 00
0170   80 00 00 00 00 00 00 00 44 f4 05 00 b7 bf 56 13
0180   60 00 00 00 60 00 00 00 01 80 c2 00 00 0e 00 0e
0190   8c 8a 9d 08 88 cc 02 08 07 70 6e 2d 69 6f 2d 31
01a0   04 09 07 70 6f 72 74 2d 30 30 31 06 02 00 14 10
01b0   14 05 01 c0 a8 0b 01 02 00 00 00 01 08 2b 06 01
01c0   04 01 81 c0 6e fe 08 00 0e cf 02 00 00 00 00 fe
01d0   0a 00 0e cf 05 00 0e 8c 8a 9d 07 fe 09 00 12 0f
01e0   01 03 6c 00 00 10 00 00 80 00 00 00 06 00 00 00
01f0   80 00 00 00 00 00 00 00 44 f4 05 00 88 8c 61 13
0200   60 00 00 00 60 00 00 00 01 80 c2 00 00 0e 00 0e
0210   8c 8a 9b ec 88 cc 02 08 07 70 6e 2d 69 6f 2d 32
0220   04 09 07 70 6f 72 74 2d 30 30 31 06 02 00 14 10
0230   14 05 01 c0 a8 0b 02 02 00 00 00 01 08 2b 06 01
0240   04 01 81 c0 6e fe 08 00 0e cf 02 00 00 00 00 fe
0250   0a 00 0e cf 05 00 0e 8c 8a 9b eb fe 09 00 12 0f
0260   01 03 6c 00 00 10 00 00 80 00 00 00 06 00 00 00
0270   80 00 00 00 00 00 00 00 44 f4 05 00 59 cd 61 13
0280   60 00 00 00 60 00 00 00 01 80 c2 00 00 0e 00 0e
0290   8c 8a 9c e3 88 cc 02 08 07 70 6e 2d 69 6f 2d 34
02a0   04 09 07 70 6f 72 74 2d 30 30 31 06 02 00 14 10
02b0   14 05 01 c0 a8 0b 04 02 00 00 00 01 08 2b 06 01
02c0   04 01 81 c0 6e fe 08 00 0e cf 02 00 00 00 00 fe
02d0   0a 00 0e cf 05 00 0e 8c 8a 9c e2 fe 09 00 12 0f
02e0   01 03 6c 00 00 10 00 00 80 00 00 00 06 00 00 00
02f0   80 00 00 00 00 00 00 00 44 f4 05 00 54 0c 6a 13
0300   60 00 00 00 60 00 00 00 01 80 c2 00 00 0e 00 0e
0310   8c 8a 9d 30 88 cc 02 08 07 70 6e 2d 69 6f 2d 33
0320   04 09 07 70 6f 72 74 2d 30 30 31 06 02 00 14 10
0330   14 05 01 c0 a8 0b 03 02 00 00 00 01 08 2b 06 01
0340   04 01 81 c0 6e fe 08 00 0e cf 02 00 00 00 00 fe
0350   0a 00 0e cf 05 00 0e 8c 8a 9d 2f fe 09 00 12 0f
0360   01 03 6c 00 00 10 00 00 80 00 00 00 06 00 00 00
0370   64 00 00 00 00 00 00 00 44 f4 05 00 ba 66 a0 13
0380   42 00 00 00 42 00 00 00 00 0e 8c 8a 9d 07 00 1b
0390   1b bf fa c9 08 00 45 00 00 34 39 d2 40 00 80 06
03a0   00 00 c0 a8 0b 0a c0 a8 0b 01 c0 47 00 66 ca a3
03b0   4d ad 00 00 00 00 80 02 20 00 97 82 00 00 02 04
03c0   05 b4 01 03 03 02 01 01 04 02 00 00 64 00 00 00
03d0   06 00 00 00 5c 00 00 00 00 00 00 00 44 f4 05 00
03e0   bf 83 a0 13 3c 00 00 00 3c 00 00 00 00 1b 1b bf
03f0   fa c9 00 0e 8c 8a 9d 07 08 00 45 00 00 2c 3c 5d
0400   00 00 1e 06 c9 13 c0 a8 0b 01 c0 a8 0b 0a 00 66
0410   c0 47 00 4c 52 b2 ca a3 4d ae 60 12 10 00 c4 bc
0420   00 00 02 04 05 b4 00 00 5c 00 00 00 06 00 00 00
0430   58 00 00 00 00 00 00 00 44 f4 05 00 0f 84 a0 13
0440   36 00 00 00 36 00 00 00 00 0e 8c 8a 9d 07 00 1b
0450   1b bf fa c9 08 00 45 00 00 28 39 d3 40 00 80 06
0460   00 00 c0 a8 0b 0a c0 a8 0b 01 c0 47 00 66 ca a3
0470   4d ae 00 4c 52 b3 50 10 fa f0 97 76 00 00 00 00
0480   58 00 00 00 06 00 00 00 6c 00 00 00 00 00 00 00
0490   44 f4 05 00 2f 85 a0 13 4c 00 00 00 4c 00 00 00
04a0   00 0e 8c 8a 9d 07 00 1b 1b bf fa c9 08 00 45 00
04b0   00 3e 39 d4 40 00 80 06 00 00 c0 a8 0b 0a c0 a8
04c0   0b 01 c0 47 00 66 ca a3 4d ae 00 4c 52 b3 50 18
04d0   fa f0 97 8c 00 00 03 00 00 16 11 e0 00 00 00 0d
04e0   00 c1 02 01 00 c2 02 01 02 c0 01 0a 6c 00 00 00
04f0   06 00 00 00 6c 00 00 00 00 00 00 00 44 f4 05 00
0500   f6 c5 a0 13 4c 00 00 00 4c 00 00 00 00 1b 1b bf
0510   fa c9 00 0e 8c 8a 9d 07 08 00 45 00 00 3e 3c 5f
0520   00 00 1e 06 c8 ff c0 a8 0b 01 c0 a8 0b 0a 00 66
0530   c0 47 00 4c 52 b3 ca a3 4d c4 50 18 10 00 bd fe
0540   00 00 03 00 00 16 11 d0 00 0d 00 05 00 c1 02 01
0550   00 c2 02 01 02 c0 01 0a 6c 00 00 00 06 00 00 00
0560   70 00 00 00 00 00 00 00 44 f4 05 00 42 c8 a0 13
0570   4f 00 00 00 4f 00 00 00 00 0e 8c 8a 9d 07 00 1b
0580   1b bf fa c9 08 00 45 00 00 41 39 d5 40 00 80 06
0590   00 00 c0 a8 0b 0a c0 a8 0b 01 c0 47 00 66 ca a3
05a0   4d c4 00 4c 52 c9 50 18 fa da 97 8f 00 00 03 00
05b0   00 19 02 f0 80 32 01 00 00 02 00 00 08 00 00 f0
05c0   00 00 02 00 02 01 e0 00 70 00 00 00 06 00 00 00
05d0   74 00 00 00 00 00 00 00 44 f4 05 00 5c e1 a0 13
05e0   51 00 00 00 51 00 00 00 00 1b 1b bf fa c9 00 0e
05f0   8c 8a 9d 07 08 00 45 00 00 43 3c 60 00 00 1e 06
0600   c8 f9 c0 a8 0b 01 c0 a8 0b 0a 00 66 c0 47 00 4c
0610   52 c9 ca a3 4d dd 50 18 10 00 55 e1 00 00 03 00
0620   00 1b 02 f0 80 32 03 00 00 02 00 00 08 00 00 00
0630   00 f0 00 00 02 00 02 00 f0 00 00 00 74 00 00 00
0640   06 00 00 00 60 00 00 00 00 00 00 00 44 f4 05 00
0650   3c e2 a0 13 3d 00 00 00 3d 00 00 00 00 0e 8c 8a
0660   9d 07 00 1b 1b bf fa c9 08 00 45 00 00 2f 39 d6
0670   40 00 80 06 00 00 c0 a8 0b 0a c0 a8 0b 01 c0 47
0680   00 66 ca a3 4d dd 00 4c 52 e4 50 18 fa bf 97 7d
0690   00 00 03 00 00 07 02 f0 00 00 00 00 60 00 00 00
06a0   06 00 00 00 78 00 00 00 00 00 00 00 44 f4 05 00
06b0   89 e3 a0 13 57 00 00 00 57 00 00 00 00 0e 8c 8a
06c0   9d 07 00 1b 1b bf fa c9 08 00 45 00 00 49 39 d7
06d0   40 00 80 06 00 00 c0 a8 0b 0a c0 a8 0b 01 c0 47
06e0   00 66 ca a3 4d e4 00 4c 52 e4 50 18 fa bf 97 97
06f0   00 00 03 00 00 21 02 f0 80 32 07 00 00 03 00 00
0700   08 00 08 00 01 12 04 11 44 01 00 ff 09 00 04 01
0710   32 00 04 00 78 00 00 00 06 00 00 00 a8 00 00 00
0720   00 00 00 00 44 f4 05 00 c5 23 a1 13 87 00 00 00
0730   87 00 00 00 00 1b 1b bf fa c9 00 0e 8c 8a 9d 07
0740   08 00 45 00 00 79 3c 61 00 00 1e 06 c8 c2 c0 a8
0750   0b 01 c0 a8 0b 0a 00 66 c0 47 00 4c 52 e4 ca a3
0760   4e 05 50 18 10 00 48 d3 00 00 03 00 00 51 02 f0
0770   80 32 07 00 00 03 00 00 0c 00 34 00 01 12 08 12
0780   84 01 02 00 00 00 00 ff 09 00 30 01 32 00 04 00
0790   28 00 01 00 04 00 01 00 00 00 01 00 02 00 00 00
07a0   00 56 56 fc 01 91 7f 84 0b be 5b 02 56 00 00 00
07b0   00 00 00 00 00 00 00 00 00 00 00 00 a8 00 00 00
07c0   06 00 00 00 60 00 00 00 00 00 00 00 44 f4 05 00
07d0   a8 24 a1 13 3d 00 00 00 3d 00 00 00 00 0e 8c 8a
07e0   9d 07 00 1b 1b bf fa c9 08 00 45 00 00 2f 39 d8
07f0   40 00 80 06 00 00 c0 a8 0b 0a c0 a8 0b 01 c0 47
0800   00 66 ca a3 4e 05 00 4c 53 35 50 18 fa 6e 97 7d
0810   00 00 03 00 00 07 02 f0 00 00 00 00 60 00 00 00
0820   06 00 00 00 78 00 00 00 00 00 00 00 44 f4 05 00
0830   77 30 a1 13 57 00 00 00 57 00 00 00 00 0e 8c 8a
0840   9d 07 00 1b 1b bf fa c9 08 00 45 00 00 49 39 d9
0850   40 00 80 06 00 00 c0 a8 0b 0a c0 a8 0b 01 c0 47
0860   00 66 ca a3 4e 0c 00 4c 53 35 50 18 fa 6e 97 97
0870   00 00 03 00 00 21 02 f0 80 32 07 00 00 04 00 00
0880   08 00 08 00 01 12 04 11 44 01 00 ff 09 00 04 01
0890   32 00 02 00 78 00 00 00 06 00 00 00 a8 00 00 00
08a0   00 00 00 00 44 f4 05 00 32 62 a1 13 87 00 00 00
08b0   87 00 00 00 00 1b 1b bf fa c9 00 0e 8c 8a 9d 07
08c0   08 00 45 00 00 79 3c 62 00 00 1e 06 c8 c1 c0 a8
08d0   0b 01 c0 a8 0b 0a 00 66 c0 47 00 4c 53 35 ca a3
08e0   4e 2d 50 18 10 00 d1 73 00 00 03 00 00 51 02 f0
08f0   80 32 07 00 00 04 00 00 0c 00 34 00 01 12 08 12
0900   84 01 02 00 00 00 00 ff 09 00 30 01 32 00 02 00
0910   28 00 01 00 02 00 00 00 00 00 05 00 0e 00 00 00
0920   00 06 01 08 00 00 00 00 00 00 00 00 00 00 00 00
0930   00 00 00 00 00 00 00 00 00 00 00 00 a8 00 00 00
0940   06 00 00 00 60 00 00 00 00 00 00 00 44 f4 05 00
0950   12 63 a1 13 3d 00 00 00 3d 00 00 00 00 0e 8c 8a
0960   9d 07 00 1b 1b bf fa c9 08 00 45 00 00 2f 39 da
0970   40 00 80 06 00 00 c0 a8 0b 0a c0 a8 0b 01 c0 47
0980   00 66 ca a3 4e 2d 00 4c 53 86 50 18 fa 1d 97 7d
0990   00 00 03 00 00 07 02 f0 00 00 00 00 60 00 00 00
09a0   06 00 00 00 78 00 00 00 00 00 00 00 44 f4 05 00
09b0   44 66 a1 13 57 00 00 00 57 00 00 00 00 0e 8c 8a
09c0   9d 07 00 1b 1b bf fa c9 08 00 45 00 00 49 39 db
09d0   40 00 80 06 00 00 c0 a8 0b 0a c0 a8 0b 01 c0 47
09e0   00 66 ca a3 4e 34 00 4c 53 86 50 18 fa 1d 97 97
09f0   00 00 03 00 00 21 02 f0 80 32 07 00 00 05 00 00
0a00   08 00 08 00 01 12 04 11 44 01 00 ff 09 00 04 00
0a10   13 00 00 00 78 00 00 00 06 00 00 00 5c 00 00 00
0a20   00 00 00 00 44 f4 05 00 4c 89 a1 13 3c 00 00 00
0a30   3c 00 00 00 00 1b 1b bf fa c9 00 0e 8c 8a 9d 07
0a40   08 00 45 00 00 28 3c 63 00 00 1e 06 c9 11 c0 a8
0a50   0b 01 c0 a8 0b 0a 00 66 c0 47 00 4c 53 86 ca a3
0a60   4e 55 50 10 10 00 da ff 00 00 00 00 00 00 00 00
0a70   5c 00 00 00 06 00 00 00 34 01 00 00 00 00 00 00
0a80   44 f4 05 00 aa a8 a1 13 13 01 00 00 13 01 00 00
0a90   00 1b 1b bf fa c9 00 0e 8c 8a 9d 07 08 00 45 00
0aa0   01 05 3c 65 00 00 1e 06 c8 32 c0 a8 0b 01 c0 a8
0ab0   0b 0a 00 66 c0 47 00 4c 53 86 ca a3 4e 55 50 18
0ac0   10 00 5a d9 00 00 03 00 00 dd 02 f0 80 32 07 00
0ad0   00 05 00 00 0c 00 c0 00 01 12 08 12 84 01 02 00
0ae0   00 00 00 ff 09 00 bc 00 13 00 00 00 24 00 05 00
0af0   01 00 01 00 04 00 00 00 11 00 00 00 04 00 00 00
0b00   00 6a 5c 00 00 00 00 00 00 00 00 00 00 00 00 00
0b10   00 00 00 00 02 00 01 00 00 00 00 00 01 00 00 00
0b20   00 00 00 00 00 00 00 00 00 00 00 00 00 00 00 00
0b30   00 00 00 00 00 00 00 00 03 00 02 00 08 00 00 00
0b40   02 00 00 00 00 00 00 00 00 00 00 00 00 00 00 00
0b50   08 00 00 00 00 92 d0 00 00 00 00 00 04 00 02 00
0b60   80 00 00 00 02 00 00 00 00 00 00 00 00 00 00 00
0b70   00 00 00 00 80 00 00 00 00 00 00 00 00 00 00 00
0b80   05 00 02 00 00 0c 00 00 02 00 00 00 00 00 00 00
0b90   00 00 00 00 00 00 00 00 00 0c 00 00 00 00 20 00
0ba0   00 00 00 00 34 01 00 00 06 00 00 00 60 00 00 00
0bb0   00 00 00 00 44 f4 05 00 88 a9 a1 13 3d 00 00 00
0bc0   3d 00 00 00 00 0e 8c 8a 9d 07 00 1b 1b bf fa c9
0bd0   08 00 45 00 00 2f 39 dc 40 00 80 06 00 00 c0 a8
0be0   0b 0a c0 a8 0b 01 c0 47 00 66 ca a3 4e 55 00 4c
0bf0   54 63 50 18 f9 40 97 7d 00 00 03 00 00 07 02 f0
0c00   00 00 00 00 60 00 00 00 06 00 00 00 74 00 00 00
0c10   00 00 00 00 44 f4 05 00 7c ac a1 13 53 00 00 00
0c20   53 00 00 00 00 0e 8c 8a 9d 07 00 1b 1b bf fa c9
0c30   08 00 45 00 00 45 39 dd 40 00 80 06 00 00 c0 a8
0c40   0b 0a c0 a8 0b 01 c0 47 00 66 ca a3 4e 5c 00 4c
0c50   54 63 50 18 f9 40 97 93 00 00 03 00 00 1d 02 f0
0c60   80 32 07 00 00 06 00 00 08 00 04 00 01 12 04 11
0c70   43 01 00 0a 00 00 00 00 74 00 00 00 06 00 00 00
0c80   94 00 00 00 00 00 00 00 44 f4 05 00 53 db a1 13
0c90   73 00 00 00 73 00 00 00 00 1b 1b bf fa c9 00 0e
0ca0   8c 8a 9d 07 08 00 45 00 00 65 3c 66 00 00 1e 06
0cb0   c8 d1 c0 a8 0b 01 c0 a8 0b 0a 00 66 c0 47 00 4c
0cc0   54 63 ca a3 4e 79 50 18 10 00 2f dd 00 00 03 00
0cd0   00 3d 02 f0 80 32 07 00 00 06 00 00 0c 00 20 00
0ce0   01 12 08 12 83 01 00 00 00 00 00 ff 09 00 1c 30
0cf0   38 00 01 30 45 00 05 30 43 00 01 30 41 00 03 30
0d00   42 00 0e 30 44 00 4c 30 46 00 0c 00 94 00 00 00
0d10   06 00 00 00 60 00 00 00 00 00 00 00 44 f4 05 00
0d20   3a dc a1 13 3d 00 00 00 3d 00 00 00 00 0e 8c 8a
0d30   9d 07 00 1b 1b bf fa c9 08 00 45 00 00 2f 39 de
0d40   40 00 80 06 00 00 c0 a8 0b 0a c0 a8 0b 01 c0 47
0d50   00 66 ca a3 4e 79 00 4c 54 a0 50 18 f9 03 97 7d
0d60   00 00 03 00 00 07 02 f0 00 00 00 00 60 00 00 00
0d70   05 00 00 00 6c 00 00 00 00 00 00 00 44 f4 05 00
0d80   ea d6 a3 13 01 00 1c 00 43 6f 75 6e 74 65 72 73
0d90   20 70 72 6f 76 69 64 65 64 20 62 79 20 64 75 6d
0da0   70 63 61 70 02 00 08 00 44 f4 05 00 50 e9 4f 13
0db0   03 00 08 00 44 f4 05 00 ea d6 a3 13 04 00 08 00
0dc0   19 00 00 00 00 00 00 00 05 00 08 00 00 00 00 00