0000   0a 0d 0d 0a c4 00 00 00 4d 3c 2b 1a 01 00 00 00
0010   ff ff ff ff ff ff ff ff 02 00 36 00 49 6e 74 65
0020   6c 28 52 29 20 43 6f 72 65 28 54 4d 29 20 69 37
0030   2d 33 35 34 30 4d 20 43 50 55 20 40 20 33 2e 30
0040   30 47 48 7a 20 28 77 69 74 68 20 53 53 45 34 2e
0050   32 29 00 00 03 00 2b 00 36 34 2d 62 69 74 20 57
0060   69 6e 64 6f 77 73 20 37 20 53 65 72 76 69 63 65
0070   20 50 61 63 6b 20 31 2c 20 62 75 69 6c 64 20 37
0080   36 30 31 00 04 00 32 00 44 75 6d 70 63 61 70 20
0090   28 57 69 72 65 73 68 61 72 6b 29 20 34 2e 30 2e
00a0   33 20 28 76 34 2e 30 2e 33 2d 30 2d 67 63 35 35
00b0   32 66 37 34 63 64 63 32 33 29 00 00 00 00 00 00
00c0   c4 00 00 00 01 00 00 00 a8 00 00 00 01 00 00 00
00d0   00 00 04 00 02 00 32 00 5c 44 65 76 69 63 65 5c
00e0   4e 50 46 5f 7b 35 46 39 33 38 45 41 43 2d 44 36
00f0   41 37 2d 34 37 34 35 2d 42 45 36 44 2d 35 39 36
0100   43 43 42 37 42 35 45 42 46 7d 00 00 03 00 1a 00
0110   5b 50 31 5d 20 4c 6f 63 61 6c 20 41 72 65 61 20
0120   43 6f 6e 6e 65 63 74 69 6f 6e 00 00 09 00 01 00
0130   06 00 00 00 0c 00 2b 00 36 34 2d 62 69 74 20 57
0140   69 6e 64 6f 77 73 20 37 20 53 65 72 76 69 63 65
0150   20 50 61 63 6b 20 31 2c 20 62 75 69 6c 64 20 37
0160   36 30 31 00 00 00 00 00 a8 00 00 00 06 00 00 00
0170   80 00 00 00 00 00 00 00 44 f4 05 00 19 6f 36 17
0180   60 00 00 00 60 00 00 00 01 80 c2 00 00 0e 00 0e
0190   8c 8a 9d 08 88 cc 02 08 07 70 6e 2d 69 6f 2d 31
01a0   04 09 07 70 6f 72 74 2d 30 30 31 06 02 00 14 10
01b0   14 05 01 c0 a8 0b 01 02 00 00 00 01 08 2b 06 01
01c0   04 01 81 c0 6e fe 08 00 0e cf 02 00 00 00 00 fe
01d0   0a 00 0e cf 05 00 0e 8c 8a 9d 07 fe 09 00 12 0f
01e0   01 03 6c 00 00 10 00 00 80 00 00 00 06 00 00 00
01f0   80 00 00 00 00 00 00 00 44 f4 05 00 8f 3c 41 17
0200   60 00 00 00 60 00 00 00 01 80 c2 00 00 0e 00 0e
0210   8c 8a 9b ec 88 cc 02 08 07 70 6e 2d 69 6f 2d 32
0220   04 09 07 70 6f 72 74 2d 30 30 31 06 02 00 14 10
0230   14 05 01 c0 a8 0b 02 02 00 00 00 01 08 2b 06 01
0240   04 01 81 c0 6e fe 08 00 0e cf 02 00 00 00 00 fe
0250   0a 00 0e cf 05 00 0e 8c 8a 9b eb fe 09 00 12 0f
0260   01 03 6c 00 00 10 00 00 80 00 00 00 06 00 00 00
0270   80 00 00 00 00 00 00 00 44 f4 05 00 fd 7b 41 17
0280   60 00 00 00 60 00 00 00 01 80 c2 00 00 0e 00 0e
0290   8c 8a 9c e3 88 cc 02 08 07 70 6e 2d 69 6f 2d 34
02a0   04 09 07 70 6f 72 74 2d 30 30 31 06 02 00 14 10
02b0   14 05 01 c0 a8 0b 04 02 00 00 00 01 08 2b 06 01
02c0   04 01 81 c0 6e fe 08 00 0e cf 02 00 00 00 00 fe
02d0   0a 00 0e cf 05 00 0e 8c 8a 9c e2 fe 09 00 12 0f
02e0   01 03 6c 00 00 10 00 00 80 00 00 00 06 00 00 00
02f0   80 00 00 00 00 00 00 00 44 f4 05 00 d9 bc 49 17
0300   60 00 00 00 60 00 00 00 01 80 c2 00 00 0e 00 0e
0310   8c 8a 9d 30 88 cc 02 08 07 70 6e 2d 69 6f 2d 33
0320   04 09 07 70 6f 72 74 2d 30 30 31 06 02 00 14 10
0330   14 05 01 c0 a8 0b 03 02 00 00 00 01 08 2b 06 01
0340   04 01 81 c0 6e fe 08 00 0e cf 02 00 00 00 00 fe
0350   0a 00 0e cf 05 00 0e 8c 8a 9d 2f fe 09 00 12 0f
0360   01 03 6c 00 00 10 00 00 80 00 00 00 06 00 00 00
0370   dc 00 00 00 00 00 00 00 44 f4 05 00 86 78 73 17
0380   b9 00 00 00 b9 00 00 00 01 80 c2 00 00 0e 00 1b
0390   1b bf fa c9 88 cc 02 08 07 70 63 73 37 2d 70 63
03a0   04 09 07 70 6f 72 74 2d 30 30 31 06 02 00 14 0a
03b0   07 50 43 53 37 2d 50 43 0c 48 53 49 45 4d 45 4e
03c0   53 20 41 47 20 53 49 4d 41 54 49 43 20 46 69 65
03d0   6c 64 20 50 47 20 4d 34 2c 36 45 53 37 37 31 36
03e0   2d 32 43 41 31 30 2d 30 43 42 34 2c 46 35 39 35
03f0   33 36 37 38 20 2b 20 65 6e 67 69 6e 65 65 72 69
0400   6e 67 0e 04 00 80 00 80 10 14 05 01 00 00 00 00
0410   02 00 00 00 01 08 2b 06 01 04 01 81 c0 6e fe 08
0420   00 0e cf 02 00 00 00 00 fe 0a 00 0e cf 05 00 1b
0430   1b bf fa c9 fe 09 00 12 0f 01 03 ec 03 00 1e 00
0440   00 00 00 00 dc 00 00 00 06 00 00 00 7c 00 00 00
0450   00 00 00 00 44 f4 05 00 d3 47 75 17 5b 00 00 00
0460   5b 00 00 00 00 0e 8c 8a 9d 07 00 1b 1b bf fa c9
0470   08 00 45 00 00 4d 3b 12 40 00 80 06 00 00 c0 a8
0480   0b 0a c0 a8 0b 01 c0 4c 00 66 33 10 77 33 00 a0
0490   a9 90 50 18 fa f0 97 9b 00 00 03 00 00 25 02 f0
04a0   80 32 07 00 00 77 00 00 08 00 0c 00 01 12 04 11
04b0   43 03 00 ff 09 00 08 30 38 30 30 30 30 31 42 00
04c0   7c 00 00 00 06 00 00 00 c8 00 00 00 00 00 00 00
04d0   44 f4 05 00 aa 71 75 17 a5 00 00 00 a5 00 00 00
04e0   00 1b 1b bf fa c9 00 0e 8c 8a 9d 07 08 00 45 00
04f0   00 97 3e 28 00 00 1e 06 c6 dd c0 a8 0b 01 c0 a8
0500   0b 0a 00 66 c0 4c 00 a0 a9 90 33 10 77 58 50 18
0510   10 00 f4 6e 00 00 03 00 00 6f 02 f0 80 32 07 00
0520   00 77 00 00 0c 00 52 00 01 12 08 12 83 03 00 00
0530   00 00 00 ff 09 00 4e 01 00 00 4a 22 00 70 70 01
0540   01 02 08 00 01 00 00 01 b0 00 00 00 00 02 ca 2e
0550   07 37 c5 03 9d cb 0c 11 4c 00 1c 00 1e 00 1a 01
0560   2e 00 00 00 00 00 00 00 00 00 00 00 00 00 00 00
0570   00 00 00 00 00 00 00 00 00 01 00 33 ab 00 00 00
0580   00 00 00 00 00 00 00 00 c8 00 00 00 06 00 00 00
0590   60 00 00 00 00 00 00 00 44 f4 05 00 c3 72 75 17
05a0   3d 00 00 00 3d 00 00 00 00 0e 8c 8a 9d 07 00 1b
05b0   1b bf fa c9 08 00 45 00 00 2f 3b 13 40 00 80 06
05c0   00 00 c0 a8 0b 0a c0 a8 0b 01 c0 4c 00 66 33 10
05d0   77 58 00 a0 a9 ff 50 18 fa 81 97 7d 00 00 03 00
05e0   00 07 02 f0 00 00 00 00 60 00 00 00 06 00 00 00
05f0   5c 00 00 00 00 00 00 00 44 f4 05 00 cd 7e 76 17
0600   3c 00 00 00 3c 00 00 00 00 1b 1b bf fa c9 00 0e
0610   8c 8a 9d 07 08 00 45 00 00 28 3e 29 00 00 1e 06
0620   c7 4b c0 a8 0b 01 c0 a8 0b 0a 00 66 c0 4c 00 a0
0630   a9 ff 33 10 77 5f 50 10 10 00 f2 b6 00 00 00 00
0640   00 00 00 00 5c 00 00 00 06 00 00 00 80 00 00 00
0650   00 00 00 00 44 f4 05 00 33 b7 82 17 60 00 00 00
0660   60 00 00 00 01 80 c2 00 00 0e 00 0e 8c 8a 9d 08
0670   88 cc 02 08 07 70 6e 2d 69 6f 2d 31 04 09 07 70
0680   6f 72 74 2d 30 30 31 06 02 00 14 10 14 05 01 c0
0690   a8 0b 01 02 00 00 00 01 08 2b 06 01 04 01 81 c0
06a0   6e fe 08 00 0e cf 02 00 00 00 00 fe 0a 00 0e cf
06b0   05 00 0e 8c 8a 9d 07 fe 09 00 12 0f 01 03 6c 00
06c0   00 10 00 00 80 00 00 00 06 00 00 00 7c 00 00 00
06d0   00 00 00 00 44 f4 05 00 d7 e2 89 17 5c 00 00 00
06e0   5c 00 00 00 ff ff ff ff ff ff 00 1b 1b bf fa c9
06f0   08 00 45 00 00 4e 3b 14 00 00 80 11 67 31 c0 a8
0700   0b 0a c0 a8 0b ff 00 89 00 89 00 3a 98 a5 c2 d8
0710   01 10 00 01 00 00 00 00 00 00 20 46 41 45 44 46
0720   44 44 48 43 4e 46 41 45 44 43 41 43 41 43 41 43
0730   41 43 41 43 41 43 41 43 41 42 4d 00 00 20 00 01
0740   7c 00 00 00 06 00 00 00 80 00 00 00 00 00 00 00
0750   44 f4 05 00 8c 84 8d 17 60 00 00 00 60 00 00 00
0760   01 80 c2 00 00 0e 00 0e 8c 8a 9b ec 88 cc 02 08
0770   07 70 6e 2d 69 6f 2d 32 04 09 07 70 6f 72 74 2d
0780   30 30 31 06 02 00 14 10 14 05 01 c0 a8 0b 02 02
0790   00 00 00 01 08 2b 06 01 04 01 81 c0 6e fe 08 00
07a0   0e cf 02 00 00 00 00 fe 0a 00 0e cf 05 00 0e 8c
07b0   8a 9b eb fe 09 00 12 0f 01 03 6c 00 00 10 00 00
07c0   80 00 00 00 06 00 00 00 80 00 00 00 00 00 00 00
07d0   44 f4 05 00 4c c4 8d 17 60 00 00 00 60 00 00 00
07e0   01 80 c2 00 00 0e 00 0e 8c 8a 9c e3 88 cc 02 08
07f0   07 70 6e 2d 69 6f 2d 34 04 09 07 70 6f 72 74 2d
0800   30 30 31 06 02 00 14 10 14 05 01 c0 a8 0b 04 02
0810   00 00 00 01 08 2b 06 01 04 01 81 c0 6e fe 08 00
0820   0e cf 02 00 00 00 00 fe 0a 00 0e cf 05 00 0e 8c
0830   8a 9c e2 fe 09 00 12 0f 01 03 6c 00 00 10 00 00
0840   80 00 00 00 06 00 00 00 7c 00 00 00 00 00 00 00
0850   44 f4 05 00 7c 54 95 17 5c 00 00 00 5c 00 00 00
0860   ff ff ff ff ff ff 00 1b 1b bf fa c9 08 00 45 00
0870   00 4e 3b 15 00 00 80 11 67 30 c0 a8 0b 0a c0 a8
0880   0b ff 00 89 00 89 00 3a 98 a5 c2 d8 01 10 00 01
0890   00 00 00 00 00 00 20 46 41 45 44 46 44 44 48 43
08a0   4e 46 41 45 44 43 41 43 41 43 41 43 41 43 41 43
08b0   41 43 41 43 41 42 4d 00 00 20 00 01 7c 00 00 00
08c0   06 00 00 00 80 00 00 00 00 00 00 00 44 f4 05 00
08d0   1f 06 96 17 60 00 00 00 60 00 00 00 01 80 c2 00
08e0   00 0e 00 0e 8c 8a 9d 30 88 cc 02 08 07 70 6e 2d
08f0   69 6f 2d 33 04 09 07 70 6f 72 74 2d 30 30 31 06
0900   02 00 14 10 14 05 01 c0 a8 0b 03 02 00 00 00 01
0910   08 2b 06 01 04 01 81 c0 6e fe 08 00 0e cf 02 00
0920   00 00 00 fe 0a 00 0e cf 05 00 0e 8c 8a 9d 2f fe
0930   09 00 12 0f 01 03 6c 00 00 10 00 00 80 00 00 00
0940   06 00 00 00 7c 00 00 00 00 00 00 00 44 f4 05 00
0950   42 c6 a0 17 5c 00 00 00 5c 00 00 00 ff ff ff ff
0960   ff ff 00 1b 1b bf fa c9 08 00 45 00 00 4e 3b 16
0970   00 00 80 11 67 2f c0 a8 0b 0a c0 a8 0b ff 00 89
0980   00 89 00 3a 98 a5 c2 d8 01 10 00 01 00 00 00 00
0990   00 00 20 46 41 45 44 46 44 44 48 43 4e 46 41 45
09a0   44 43 41 43 41 43 41 43 41 43 41 43 41 43 41 43
09b0   41 42 4d 00 00 20 00 01 7c 00 00 00 06 00 00 00
09c0   7c 00 00 00 00 00 00 00 44 f4 05 00 c1 19 ab 17
09d0   5b 00 00 00 5b 00 00 00 00 0e 8c 8a 9d 07 00 1b
09e0   1b bf fa c9 08 00 45 00 00 4d 3b 17 40 00 80 06
09f0   00 00 c0 a8 0b 0a c0 a8 0b 01 c0 4c 00 66 33 10
0a00   77 5f 00 a0 a9 ff 50 18 fa 81 97 9b 00 00 03 00
0a10   00 25 02 f0 80 32 07 00 00 78 00 00 08 00 0c 00
0a20   01 12 04 11 43 03 00 ff 09 00 08 30 38 30 30 30
0a30   30 31 42 00 7c 00 00 00 06 00 00 00 c8 00 00 00
0a40   00 00 00 00 44 f4 05 00 f9 40 ab 17 a5 00 00 00
0a50   a5 00 00 00 00 1b 1b bf fa c9 00 0e 8c 8a 9d 07
0a60   08 00 45 00 00 97 3e 38 00 00 1e 06 c6 cd c0 a8
0a70   0b 01 c0 a8 0b 0a 00 66 c0 4c 00 a0 a9 ff 33 10
0a80   77 84 50 18 10 00 f3 d2 00 00 03 00 00 6f 02 f0
0a90   80 32 07 00 00 78 00 00 0c 00 52 00 01 12 08 12
0aa0   83 03 00 00 00 00 00 ff 09 00 4e 01 00 00 4a 22
0ab0   00 70 70 01 01 02 08 00 01 00 00 01 b0 00 00 00
0ac0   00 02 ca 2e 07 37 c5 03 9d cb 0c 11 4c 00 1c 00
0ad0   1e 00 1a 01 2e 00 00 00 00 00 00 00 00 00 00 00
0ae0   00 00 00 00 00 00 00 00 00 00 00 00 00 01 00 33
0af0   ab 00 00 00 00 00 00 00 00 00 00 00 c8 00 00 00
0b00   06 00 00 00 60 00 00 00 00 00 00 00 44 f4 05 00
0b10   19 42 ab 17 3d 00 00 00 3d 00 00 00 00 0e 8c 8a
0b20   9d 07 00 1b 1b bf fa c9 08 00 45 00 00 2f 3b 18
0b30   40 00 80 06 00 00 c0 a8 0b 0a c0 a8 0b 01 c0 4c
0b40   00 66 33 10 77 84 00 a0 aa 6e 50 18 fa 12 97 7d
0b50   00 00 03 00 00 07 02 f0 00 00 00 00 60 00 00 00
0b60   06 00 00 00 5c 00 00 00 00 00 00 00 44 f4 05 00
0b70   b7 e4 ab 17 3c 00 00 00 3c 00 00 00 00 1b 1b bf
0b80   fa c9 00 0e 8c 8a 9d 07 08 00 45 00 00 28 3e 39
0b90   00 00 1e 06 c7 3b c0 a8 0b 01 c0 a8 0b 0a 00 66
0ba0   c0 4c 00 a0 aa 6e 33 10 77 8b 50 10 10 00 f2 1b
0bb0   00 00 00 00 00 00 00 00 5c 00 00 00 06 00 00 00
0bc0   7c 00 00 00 00 00 00 00 44 f4 05 00 ed 83 ae 17
0bd0   5b 00 00 00 5b 00 00 00 00 0e 8c 8a 9d 07 00 1b
0be0   1b bf fa c9 08 00 45 00 00 4d 3b 19 40 00 80 06
0bf0   00 00 c0 a8 0b 0a c0 a8 0b 01 c0 4c 00 66 33 10
0c00   77 8b 00 a0 aa 6e 50 18 fa 12 97 9b 00 00 03 00
0c10   00 25 02 f0 80 32 07 00 00 79 00 00 08 00 0c 00
0c20   01 12 04 11 43 03 00 ff 09 00 08 30 38 30 30 30
0c30   30 31 42 00 7c 00 00 00 06 00 00 00 c8 00 00 00
0c40   00 00 00 00 44 f4 05 00 d4 ab ae 17 a5 00 00 00
0c50   a5 00 00 00 00 1b 1b bf fa c9 00 0e 8c 8a 9d 07
0c60   08 00 45 00 00 97 3e 3b 00 00 1e 06 c6 ca c0 a8
0c70   0b 01 c0 a8 0b 0a 00 66 c0 4c 00 a0 aa 6e 33 10
0c80   77 b0 50 18 10 00 f3 36 00 00 03 00 00 6f 02 f0
0c90   80 32 07 00 00 79 00 00 0c 00 52 00 01 12 08 12
0ca0   83 03 00 00 00 00 00 ff 09 00 4e 01 00 00 4a 22
0cb0   00 70 70 01 01 02 08 00 01 00 00 01 b0 00 00 00
0cc0   00 02 ca 2e 07 37 c5 03 9d cb 0c 11 4c 00 1c 00
0cd0   1e 00 1a 01 2e 00 00 00 00 00 00 00 00 00 00 00
0ce0   00 00 00 00 00 00 00 00 00 00 00 00 00 01 00 33
0cf0   ab 00 00 00 00 00 00 00 00 00 00 00 c8 00 00 00
0d00   06 00 00 00 60 00 00 00 00 00 00 00 44 f4 05 00
0d10   df ac ae 17 3d 00 00 00 3d 00 00 00 00 0e 8c 8a
0d20   9d 07 00 1b 1b bf fa c9 08 00 45 00 00 2f 3b 1a
0d30   40 00 80 06 00 00 c0 a8 0b 0a c0 a8 0b 01 c0 4c
0d40   00 66 33 10 77 b0 00 a0 aa dd 50 18 f9 a3 97 7d
0d50   00 00 03 00 00 07 02 f0 00 00 00 00 60 00 00 00
0d60   06 00 00 00 78 00 00 00 00 00 00 00 44 f4 05 00
0d70   be c5 ae 17 57 00 00 00 57 00 00 00 00 0e 8c 8a
0d80   9d 07 00 1b 1b bf fa c9 08 00 45 00 00 49 3b 1b
0d90   40 00 80 06 00 00 c0 a8 0b 0a c0 a8 0b 01 c0 4c
0da0   00 66 33 10 77 b7 00 a0 aa dd 50 18 f9 a3 97 97
0db0   00 00 03 00 00 21 02 f0 80 32 07 00 00 7a 00 00
0dc0   08 00 08 00 01 12 04 11 44 01 00 ff 09 00 04 01
0dd0   32 00 04 00 78 00 00 00 06 00 00 00 5c 00 00 00
0de0   00 00 00 00 44 f4 05 00 bc f5 ae 17 3c 00 00 00
0df0   3c 00 00 00 00 1b 1b bf fa c9 00 0e 8c 8a 9d 07
0e00   08 00 45 00 00 28 3e 3c 00 00 1e 06 c7 38 c0 a8
0e10   0b 01 c0 a8 0b 0a 00 66 c0 4c 00 a0 aa dd 33 10
0e20   77 d8 50 10 10 00 f1 5f 00 00 00 00 00 00 00 00
0e30   5c 00 00 00 05 00 00 00 6c 00 00 00 00 00 00 00
0e40   44 f4 05 00 53 2d af 17 01 00 1c 00 43 6f 75 6e
0e50   74 65 72 73 20 70 72 6f 76 69 64 65 64 20 62 79
0e60   20 64 75 6d 70 63 61 70 02 00 08 00 44 f4 05 00
0e70   60 72 ff 16 03 00 08 00 44 f4 05 00 53 2d af 17
0e80   04 00 08 00 19 00 00 00 00 00 00 00 05 00 08 00
0e90   00 00 00 00 00 00 00 00 00 00 00 00 6c 00 00 00
