0000   0a 0d 0d 0a c4 00 00 00 4d 3c 2b 1a 01 00 00 00
0010   ff ff ff ff ff ff ff ff 02 00 36 00 49 6e 74 65
0020   6c 28 52 29 20 43 6f 72 65 28 54 4d 29 20 69 37
0030   2d 33 35 34 30 4d 20 43 50 55 20 40 20 33 2e 30
0040   30 47 48 7a 20 28 77 69 74 68 20 53 53 45 34 2e
0050   32 29 00 00 03 00 2b 00 36 34 2d 62 69 74 20 57
0060   69 6e 64 6f 77 73 20 37 20 53 65 72 76 69 63 65
0070   20 50 61 63 6b 20 31 2c 20 62 75 69 6c 64 20 37
0080   36 30 31 00 04 00 32 00 44 75 6d 70 63 61 70 20
0090   28 57 69 72 65 73 68 61 72 6b 29 20 34 2e 30 2e
00a0   33 20 28 76 34 2e 30 2e 33 2d 30 2d 67 63 35 35
00b0   32 66 37 34 63 64 63 32 33 29 00 00 00 00 00 00
00c0   c4 00 00 00 01 00 00 00 a8 00 00 00 01 00 00 00
00d0   00 00 04 00 02 00 32 00 5c 44 65 76 69 63 65 5c
00e0   4e 50 46 5f 7b 35 46 39 33 38 45 41 43 2d 44 36
00f0   41 37 2d 34 37 34 35 2d 42 45 36 44 2d 35 39 36
0100   43 43 42 37 42 35 45 42 46 7d 00 00 03 00 1a 00
0110   5b 50 31 5d 20 4c 6f 63 61 6c 20 41 72 65 61 20
0120   43 6f 6e 6e 65 63 74 69 6f 6e 00 00 09 00 01 00
0130   06 00 00 00 0c 00 2b 00 36 34 2d 62 69 74 20 57
0140   69 6e 64 6f 77 73 20 37 20 53 65 72 76 69 63 65
0150   20 50 61 63 6b 20 31 2c 20 62 75 69 6c 64 20 37
0160   36 30 31 00 00 00 00 00 a8 00 00 00 06 00 00 00
0170   dc 00 00 00 00 00 00 00 44 f4 05 00 a1 79 40 11
0180   b9 00 00 00 b9 00 00 00 01 80 c2 00 00 0e 00 1b
0190   1b bf fa c9 88 cc 02 08 07 70 63 73 37 2d 70 63
01a0   04 09 07 70 6f 72 74 2d 30 30 31 06 02 00 14 0a
01b0   07 50 43 53 37 2d 50 43 0c 48 53 49 45 4d 45 4e
01c0   53 20 41 47 20 53 49 4d 41 54 49 43 20 46 69 65
01d0   6c 64 20 50 47 20 4d 34 2c 36 45 53 37 37 31 36
01e0   2d 32 43 41 31 30 2d 30 43 42 34 2c 46 35 39 35
01f0   33 36 37 38 20 2b 20 65 6e 67 69 6e 65 65 72 69
0200   6e 67 0e 04 00 80 00 80 10 14 05 01 00 00 00 00
0210   02 00 00 00 01 08 2b 06 01 04 01 81 c0 6e fe 08
0220   00 0e cf 02 00 00 00 00 fe 0a 00 0e cf 05 00 1b
0230   1b bf fa c9 fe 09 00 12 0f 01 03 ec 03 00 1e 00
0240   00 00 00 00 dc 00 00 00 06 00 00 00 80 00 00 00
0250   00 00 00 00 44 f4 05 00 bd c1 40 11 60 00 00 00
0260   60 00 00 00 01 80 c2 00 00 0e 00 0e 8c 8a 9d 08
0270   88 cc 02 08 07 70 6e 2d 69 6f 2d 31 04 09 07 70
0280   6f 72 74 2d 30 30 31 06 02 00 14 10 14 05 01 c0
0290   a8 0b 01 02 00 00 00 01 08 2b 06 01 04 01 81 c0
02a0   6e fe 08 00 0e cf 02 00 00 00 00 fe 0a 00 0e cf
02b0   05 00 0e 8c 8a 9d 07 fe 09 00 12 0f 01 03 6c 00
02c0   00 10 00 00 80 00 00 00 06 00 00 00 80 00 00 00
02d0   00 00 00 00 44 f4 05 00 70 8e 4b 11 60 00 00 00
02e0   60 00 00 00 01 80 c2 00 00 0e 00 0e 8c 8a 9b ec
02f0   88 cc 02 08 07 70 6e 2d 69 6f 2d 32 04 09 07 70
0300   6f 72 74 2d 30 30 31 06 02 00 14 10 14 05 01 c0
0310   a8 0b 02 02 00 00 00 01 08 2b 06 01 04 01 81 c0
0320   6e fe 08 00 0e cf 02 00 00 00 00 fe 0a 00 0e cf
0330   05 00 0e 8c 8a 9b eb fe 09 00 12 0f 01 03 6c 00
0340   00 10 00 00 80 00 00 00 06 00 00 00 80 00 00 00
0350   00 00 00 00 44 f4 05 00 57 cf 4b 11 60 00 00 00
0360   60 00 00 00 01 80 c2 00 00 0e 00 0e 8c 8a 9c e3
0370   88 cc 02 08 07 70 6e 2d 69 6f 2d 34 04 09 07 70
0380   6f 72 74 2d 30 30 31 06 02 00 14 10 14 05 01 c0
0390   a8 0b 04 02 00 00 00 01 08 2b 06 01 04 01 81 c0
03a0   6e fe 08 00 0e cf 02 00 00 00 00 fe 0a 00 0e cf
03b0   05 00 0e 8c 8a 9c e2 fe 09 00 12 0f 01 03 6c 00
03c0   00 10 00 00 80 00 00 00 06 00 00 00 80 00 00 00
03d0   00 00 00 00 44 f4 05 00 83 0d 54 11 60 00 00 00
03e0   60 00 00 00 01 80 c2 00 00 0e 00 0e 8c 8a 9d 30
03f0   88 cc 02 08 07 70 6e 2d 69 6f 2d 33 04 09 07 70
0400   6f 72 74 2d 30 30 31 06 02 00 14 10 14 05 01 c0
0410   a8 0b 03 02 00 00 00 01 08 2b 06 01 04 01 81 c0
0420   6e fe 08 00 0e cf 02 00 00 00 00 fe 0a 00 0e cf
0430   05 00 0e 8c 8a 9d 2f fe 09 00 12 0f 01 03 6c 00
0440   00 10 00 00 80 00 00 00 06 00 00 00 4c 00 00 00
0450   00 00 00 00 44 f4 05 00 e5 3c 5d 11 2a 00 00 00
0460   2a 00 00 00 ff ff ff ff ff ff 00 1b 1b bf fa c9
0470   08 06 00 01 08 00 06 04 00 01 00 1b 1b bf fa c9
0480   c0 a8 0b 0a 00 00 00 00 00 00 c0 a8 0b 01 00 00
0490   4c 00 00 00 06 00 00 00 5c 00 00 00 00 00 00 00
04a0   44 f4 05 00 7a 45 5d 11 3c 00 00 00 3c 00 00 00
04b0   00 1b 1b bf fa c9 00 0e 8c 8a 9d 07 08 06 00 01
04c0   08 00 06 04 00 02 00 0e 8c 8a 9d 07 c0 a8 0b 01
04d0   00 1b 1b bf fa c9 c0 a8 0b 0a 00 00 00 00 00 00
04e0   00 00 00 00 00 00 00 00 00 00 00 00 5c 00 00 00
04f0   06 00 00 00 64 00 00 00 00 00 00 00 44 f4 05 00
0500   a0 45 5d 11 42 00 00 00 42 00 00 00 00 0e 8c 8a
0510   9d 07 00 1b 1b bf fa c9 08 00 45 00 00 34 39 af
0520   40 00 80 06 00 00 c0 a8 0b 0a c0 a8 0b 01 c0 46
0530   00 66 4a d8 9e 32 00 00 00 00 80 02 20 00 97 82
0540   00 00 02 04 05 b4 01 03 03 02 01 01 04 02 00 00
0550   64 00 00 00 06 00 00 00 5c 00 00 00 00 00 00 00
0560   44 f4 05 00 03 55 5d 11 3c 00 00 00 3c 00 00 00
0570   00 1b 1b bf fa c9 00 0e 8c 8a 9d 07 08 00 45 00
0580   00 2c 3b ae 00 00 1e 06 c9 c2 c0 a8 0b 01 c0 a8
0590   0b 0a 00 66 c0 46 00 00 fa 7f 4a d8 9e 33 60 12
05a0   10 00 4c 82 00 00 02 04 05 b4 00 00 5c 00 00 00
05b0   06 00 00 00 58 00 00 00 00 00 00 00 44 f4 05 00
05c0   69 55 5d 11 36 00 00 00 36 00 00 00 00 0e 8c 8a
05d0   9d 07 00 1b 1b bf fa c9 08 00 45 00 00 28 39 b0
05e0   40 00 80 06 00 00 c0 a8 0b 0a c0 a8 0b 01 c0 46
05f0   00 66 4a d8 9e 33 00 00 fa 80 50 10 fa f0 97 76
0600   00 00 00 00 58 00 00 00 06 00 00 00 6c 00 00 00
0610   00 00 00 00 44 f4 05 00 1d 57 5d 11 4c 00 00 00
0620   4c 00 00 00 00 0e 8c 8a 9d 07 00 1b 1b bf fa c9
0630   08 00 45 00 00 3e 39 b1 40 00 80 06 00 00 c0 a8
0640   0b 0a c0 a8 0b 01 c0 46 00 66 4a d8 9e 33 00 00
0650   fa 80 50 18 fa f0 97 8c 00 00 03 00 00 16 11 e0
0660   00 00 00 0c 00 c1 02 01 00 c2 02 01 02 c0 01 0a
0670   6c 00 00 00 06 00 00 00 6c 00 00 00 00 00 00 00
0680   44 f4 05 00 00 7c 5d 11 4c 00 00 00 4c 00 00 00
0690   00 1b 1b bf fa c9 00 0e 8c 8a 9d 07 08 00 45 00
06a0   00 3e 3b af 00 00 1e 06 c9 af c0 a8 0b 01 c0 a8
06b0   0b 0a 00 66 c0 46 00 00 fa 80 4a d8 9e 49 50 18
06c0   10 00 45 c5 00 00 03 00 00 16 11 d0 00 0c 00 05
06d0   00 c1 02 01 00 c2 02 01 02 c0 01 0a 6c 00 00 00
06e0   06 00 00 00 70 00 00 00 00 00 00 00 44 f4 05 00
06f0   32 7e 5d 11 4f 00 00 00 4f 00 00 00 00 0e 8c 8a
0700   9d 07 00 1b 1b bf fa c9 08 00 45 00 00 41 39 b2
0710   40 00 80 06 00 00 c0 a8 0b 0a c0 a8 0b 01 c0 46
0720   00 66 4a d8 9e 49 00 00 fa 96 50 18 fa da 97 8f
0730   00 00 03 00 00 19 02 f0 80 32 01 00 00 02 00 00
0740   08 00 00 f0 00 00 02 00 02 01 e0 00 70 00 00 00
0750   06 00 00 00 74 00 00 00 00 00 00 00 44 f4 05 00
0760   86 97 5d 11 51 00 00 00 51 00 00 00 00 1b 1b bf
0770   fa c9 00 0e 8c 8a 9d 07 08 00 45 00 00 43 3b b0
0780   00 00 1e 06 c9 a9 c0 a8 0b 01 c0 a8 0b 0a 00 66
0790   c0 46 00 00 fa 96 4a d8 9e 62 50 18 10 00 dd a6
07a0   00 00 03 00 00 1b 02 f0 80 32 03 00 00 02 00 00
07b0   08 00 00 00 00 f0 00 00 02 00 02 00 f0 00 00 00
07c0   74 00 00 00 06 00 00 00 60 00 00 00 00 00 00 00
07d0   44 f4 05 00 ab 98 5d 11 3d 00 00 00 3d 00 00 00
07e0   00 0e 8c 8a 9d 07 00 1b 1b bf fa c9 08 00 45 00
07f0   00 2f 39 b3 40 00 80 06 00 00 c0 a8 0b 0a c0 a8
0800   0b 01 c0 46 00 66 4a d8 9e 62 00 00 fa b1 50 18
0810   fa bf 97 7d 00 00 03 00 00 07 02 f0 00 00 00 00
0820   60 00 00 00 06 00 00 00 78 00 00 00 00 00 00 00
0830   44 f4 05 00 55 9a 5d 11 57 00 00 00 57 00 00 00
0840   00 0e 8c 8a 9d 07 00 1b 1b bf fa c9 08 00 45 00
0850   00 49 39 b4 40 00 80 06 00 00 c0 a8 0b 0a c0 a8
0860   0b 01 c0 46 00 66 4a d8 9e 69 00 00 fa b1 50 18
0870   fa bf 97 97 00 00 03 00 00 21 02 f0 80 32 07 00
0880   00 03 00 00 08 00 08 00 01 12 04 11 44 01 00 ff
0890   09 00 04 01 32 00 04 00 78 00 00 00 06 00 00 00
08a0   5c 00 00 00 00 00 00 00 44 f4 05 00 88 c2 5d 11
08b0   3c 00 00 00 3c 00 00 00 00 1b 1b bf fa c9 00 0e
08c0   8c 8a 9d 07 08 00 45 00 00 28 3b b1 00 00 1e 06
08d0   c9 c3 c0 a8 0b 01 c0 a8 0b 0a 00 66 c0 46 00 00
08e0   fa b1 4a d8 9e 8a 50 10 10 00 63 b7 00 00 00 00
08f0   00 00 00 00 5c 00 00 00 06 00 00 00 a8 00 00 00
0900   00 00 00 00 44 f4 05 00 c2 dd 5d 11 87 00 00 00
0910   87 00 00 00 00 1b 1b bf fa c9 00 0e 8c 8a 9d 07
0920   08 00 45 00 00 79 3b b3 00 00 1e 06 c9 70 c0 a8
0930   0b 01 c0 a8 0b 0a 00 66 c0 46 00 00 fa b1 4a d8
0940   9e 8a 50 18 10 00 92 85 00 00 03 00 00 51 02 f0
0950   80 32 07 00 00 03 00 00 0c 00 34 00 01 12 08 12
0960   84 01 02 00 00 00 00 ff 09 00 30 01 32 00 04 00
0970   28 00 01 00 04 00 01 00 00 00 01 00 02 00 00 00
0980   00 56 56 fc 01 91 7f 82 0b d3 99 02 56 00 00 00
0990   00 00 00 00 00 00 00 00 00 00 00 00 a8 00 00 00
09a0   06 00 00 00 60 00 00 00 00 00 00 00 44 f4 05 00
09b0   b3 de 5d 11 3d 00 00 00 3d 00 00 00 00 0e 8c 8a
09c0   9d 07 00 1b 1b bf fa c9 08 00 45 00 00 2f 39 b5
09d0   40 00 80 06 00 00 c0 a8 0b 0a c0 a8 0b 01 c0 46
09e0   00 66 4a d8 9e 8a 00 00 fb 02 50 18 fa 6e 97 7d
09f0   00 00 03 00 00 07 02 f0 00 00 00 00 60 00 00 00
0a00   06 00 00 00 78 00 00 00 00 00 00 00 44 f4 05 00
0a10   f7 eb 5d 11 57 00 00 00 57 00 00 00 00 0e 8c 8a
0a20   9d 07 00 1b 1b bf fa c9 08 00 45 00 00 49 39 b6
0a30   40 00 80 06 00 00 c0 a8 0b 0a c0 a8 0b 01 c0 46
0a40   00 66 4a d8 9e 91 00 00 fb 02 50 18 fa 6e 97 97
0a50   00 00 03 00 00 21 02 f0 80 32 07 00 00 04 00 00
0a60   08 00 08 00 01 12 04 11 44 01 00 ff 09 00 04 01
0a70   32 00 02 00 78 00 00 00 06 00 00 00 a8 00 00 00
0a80   00 00 00 00 44 f4 05 00 e6 1f 5e 11 87 00 00 00
0a90   87 00 00 00 00 1b 1b bf fa c9 00 0e 8c 8a 9d 07
0aa0   08 00 45 00 00 79 3b b4 00 00 1e 06 c9 6f c0 a8
0ab0   0b 01 c0 a8 0b 0a 00 66 c0 46 00 00 fb 02 4a d8
0ac0   9e b2 50 18 10 00 59 39 00 00 03 00 00 51 02 f0
0ad0   80 32 07 00 00 04 00 00 0c 00 34 00 01 12 08 12
0ae0   84 01 02 00 00 00 00 ff 09 00 30 01 32 00 02 00
0af0   28 00 01 00 02 00 00 00 00 00 05 00 0e 00 00 00
0b00   00 06 01 08 00 00 00 00 00 00 00 00 00 00 00 00
0b10   00 00 00 00 00 00 00 00 00 00 00 00 a8 00 00 00
0b20   06 00 00 00 60 00 00 00 00 00 00 00 44 f4 05 00
0b30   be 20 5e 11 3d 00 00 00 3d 00 00 00 00 0e 8c 8a
0b40   9d 07 00 1b 1b bf fa c9 08 00 45 00 00 2f 39 b7
0b50   40 00 80 06 00 00 c0 a8 0b 0a c0 a8 0b 01 c0 46
0b60   00 66 4a d8 9e b2 00 00 fb 53 50 18 fa 1d 97 7d
0b70   00 00 03 00 00 07 02 f0 00 00 00 00 60 00 00 00
0b80   06 00 00 00 78 00 00 00 00 00 00 00 44 f4 05 00
0b90   d3 25 5e 11 57 00 00 00 57 00 00 00 00 0e 8c 8a
0ba0   9d 07 00 1b 1b bf fa c9 08 00 45 00 00 49 39 b8
0bb0   40 00 80 06 00 00 c0 a8 0b 0a c0 a8 0b 01 c0 46
0bc0   00 66 4a d8 9e b9 00 00 fb 53 50 18 fa 1d 97 97
0bd0   00 00 03 00 00 21 02 f0 80 32 07 00 00 05 00 00
0be0   08 00 08 00 01 12 04 11 44 01 00 ff 09 00 04 00
0bf0   13 00 00 00 78 00 00 00 06 00 00 00 34 01 00 00
0c00   00 00 00 00 44 f4 05 00 aa 5e 5e 11 13 01 00 00
0c10   13 01 00 00 00 1b 1b bf fa c9 00 0e 8c 8a 9d 07
0c20   08 00 45 00 01 05 3b b5 00 00 1e 06 c8 e2 c0 a8
0c30   0b 01 c0 a8 0b 0a 00 66 c0 46 00 00 fb 53 4a d8
0c40   9e da 50 18 10 00 68 9f 00 00 03 00 00 dd 02 f0
0c50   80 32 07 00 00 05 00 00 0c 00 c0 00 01 12 08 12
0c60   84 01 02 00 00 00 00 ff 09 00 bc 00 13 00 00 00
0c70   24 00 05 00 01 00 01 00 04 00 00 00 11 00 00 00
0c80   04 00 00 00 00 6a 32 00 00 00 00 00 00 00 00 00
0c90   00 00 00 00 00 00 00 00 02 00 01 00 00 00 00 00
0ca0   01 00 00 00 00 00 00 00 00 00 00 00 00 00 00 00
0cb0   00 00 00 00 00 00 00 00 00 00 00 00 03 00 02 00
0cc0   08 00 00 00 02 00 00 00 00 00 00 00 00 00 00 00
0cd0   00 00 00 00 08 00 00 00 00 92 74 00 00 00 00 00
0ce0   04 00 02 00 80 00 00 00 02 00 00 00 00 00 00 00
0cf0   00 00 00 00 00 00 00 00 80 00 00 00 00 00 00 00
0d00   00 00 00 00 05 00 02 00 00 0c 00 00 02 00 00 00
0d10   00 00 00 00 00 00 00 00 00 00 00 00 00 0c 00 00
0d20   00 00 20 00 00 00 00 00 34 01 00 00 06 00 00 00
0d30   60 00 00 00 00 00 00 00 44 f4 05 00 9e 5f 5e 11
0d40   3d 00 00 00 3d 00 00 00 00 0e 8c 8a 9d 07 00 1b
0d50   1b bf fa c9 08 00 45 00 00 2f 39 b9 40 00 80 06
0d60   00 00 c0 a8 0b 0a c0 a8 0b 01 c0 46 00 66 4a d8
0d70   9e da 00 00 fc 30 50 18 f9 40 97 7d 00 00 03 00
0d80   00 07 02 f0 00 00 00 00 60 00 00 00 05 00 00 00
0d90   6c 00 00 00 00 00 00 00 44 f4 05 00 b5 2b 60 11
0da0   01 00 1c 00 43 6f 75 6e 74 65 72 73 20 70 72 6f
0db0   76 69 64 65 64 20 62 79 20 64 75 6d 70 63 61 70
0dc0   02 00 08 00 44 f4 05 00 ac 93 2e 11 03 00 08 00
0dd0   44 f4 05 00 b5 2b 60 11 04 00 08 00 19 00 00 00
0de0   00 00 00 00 05 00 08 00 00 00 00 00 00 00 00 00