10 13 10 196 0 0 0 77 60 43 26 1 0 0 0
255 255 255 255 255 255 255 2 0 54 0 73 110 116 101
108 82 41 32 67 111 114 101 40 84 77 41 32 105 55
45 53 52 48 77 32 67 80 85 32 64 32 51 46 48
48 72 122 32 40 119 105 116 104 32 83 83 69 52 46
50 0 0 3 0 43 0 54 52 45 98 105 116 32 87
105 100 111 119 115 32 55 32 83 101 114 118 105 99 101
32 97 99 107 32 49 44 32 98 117 105 108 100 32 55
54 49 0 4 0 50 0 68 117 109 112 99 97 112 32
40 105 114 101 115 104 97 114 107 41 32 52 46 48 46
51 40 118 52 46 48 46 51 45 48 45 103 99 53 53
50 55 52 99 100 99 50 51 41 0 0 0 0 0 0
196 0 0 1 0 0 0 168 0 0 0 1 0 0 0
0 4 0 2 0 50 0 92 68 101 118 105 99 101 92
78 70 95 123 53 70 57 51 56 69 65 67 45 68 54
65 45 52 55 52 53 45 66 69 54 68 45 53 57 54
67 66 55 66 53 69 66 70 125 0 0 3 0 26 0
91 49 93 32 76 111 99 97 108 32 65 114 101 97 32
67 110 110 101 99 116 105 111 110 0 0 9 0 1 0
6 0 0 12 0 43 0 54 52 45 98 105 116 32 87
105 100 111 119 115 32 55 32 83 101 114 118 105 99 101
32 97 99 107 32 49 44 32 98 117 105 108 100 32 55
54 49 0 0 0 0 0 168 0 0 0 6 0 0 0
220 0 0 0 0 0 0 68 244 5 0 161 121 64 17
185 0 0 185 0 0 0 1 128 194 0 0 14 0 27
27 250 201 136 204 2 8 7 112 99 115 55 45 112 99
4 7 112 111 114 116 45 48 48 49 6 2 0 20 10
7 67 83 55 45 80 67 12 72 83 73 69 77 69 78
83 65 71 32 83 73 77 65 84 73 67 32 70 105 101
108 32 80 71 32 77 52 44 54 69 83 55 55 49 54
45 67 65 49 48 45 48 67 66 52 44 70 53 57 53
51 55 56 32 43 32 101 110 103 105 110 101 101 114 105
110 14 4 0 128 0 128 16 20 5 1 0 0 0 0
2 0 0 1 8 43 6 1 4 1 129 192 110 254 8
0 207 2 0 0 0 0 254 10 0 14 207 5 0 27
27 250 201 254 9 0 18 15 1 3 236 3 0 30 0
0 0 0 220 0 0 0 6 0 0 0 128 0 0 0
0 0 0 68 244 5 0 189 193 64 17 96 0 0 0
96 0 0 1 128 194 0 0 14 0 14 140 138 157 8
136 2 8 7 112 110 45 105 111 45 49 4 9 7 112
111 116 45 48 48 49 6 2 0 20 16 20 5 1 192
168 1 2 0 0 0 1 8 43 6 1 4 1 129 192
110 8 0 14 207 2 0 0 0 0 254 10 0 14 207
5 14 140 138 157 7 254 9 0 18 15 1 3 108 0
0 0 0 128 0 0 0 6 0 0 0 128 0 0 0
0 0 0 68 244 5 0 112 142 75 17 96 0 0 0
96 0 0 1 128 194 0 0 14 0 14 140 138 155 236
136 2 8 7 112 110 45 105 111 45 50 4 9 7 112
111 116 45 48 48 49 6 2 0 20 16 20 5 1 192
168 2 2 0 0 0 1 8 43 6 1 4 1 129 192
110 8 0 14 207 2 0 0 0 0 254 10 0 14 207
5 14 140 138 155 235 254 9 0 18 15 1 3 108 0
0 0 0 128 0 0 0 6 0 0 0 128 0 0 0
0 0 0 68 244 5 0 87 207 75 17 96 0 0 0
96 0 0 1 128 194 0 0 14 0 14 140 138 156 227
136 2 8 7 112 110 45 105 111 45 52 4 9 7 112
111 116 45 48 48 49 6 2 0 20 16 20 5 1 192
168 4 2 0 0 0 1 8 43 6 1 4 1 129 192
110 8 0 14 207 2 0 0 0 0 254 10 0 14 207
5 14 140 138 156 226 254 9 0 18 15 1 3 108 0
0 0 0 128 0 0 0 6 0 0 0 128 0 0 0
0 0 0 68 244 5 0 131 13 84 17 96 0 0 0
96 0 0 1 128 194 0 0 14 0 14 140 138 157 48
136 2 8 7 112 110 45 105 111 45 51 4 9 7 112
111 116 45 48 48 49 6 2 0 20 16 20 5 1 192
168 3 2 0 0 0 1 8 43 6 1 4 1 129 192
110 8 0 14 207 2 0 0 0 0 254 10 0 14 207
5 14 140 138 157 47 254 9 0 18 15 1 3 108 0
0 0 0 128 0 0 0 6 0 0 0 76 0 0 0
0 0 0 68 244 5 0 229 60 93 17 42 0 0 0
42 0 0 255 255 255 255 255 255 0 27 27 191 250 201
8 0 1 8 0 6 4 0 1 0 27 27 191 250 201
192 11 10 0 0 0 0 0 0 192 168 11 1 0 0
76 0 0 6 0 0 0 92 0 0 0 0 0 0 0
68 5 0 122 69 93 17 60 0 0 0 60 0 0 0
0 27 191 250 201 0 14 140 138 157 7 8 6 0 1
8 6 4 0 2 0 14 140 138 157 7 192 168 11 1
0 27 191 250 201 192 168 11 10 0 0 0 0 0 0
0 0 0 0 0 0 0 0 0 0 0 92 0 0 0
6 0 0 100 0 0 0 0 0 0 0 68 244 5 0
160 93 17 66 0 0 0 66 0 0 0 0 14 140 138
157 0 27 27 191 250 201 8 0 69 0 0 52 57 175
64 128 6 0 0 192 168 11 10 192 168 11 1 192 70
0 74 216 158 50 0 0 0 0 128 2 32 0 151 130
0 2 4 5 180 1 3 3 2 1 1 4 2 0 0
100 0 0 6 0 0 0 92 0 0 0 0 0 0 0
68 5 0 3 85 93 17 60 0 0 0 60 0 0 0
0 27 191 250 201 0 14 140 138 157 7 8 0 69 0
0 59 174 0 0 30 6 201 194 192 168 11 1 192 168
11 0 102 192 70 0 0 250 127 74 216 158 51 96 18
16 76 130 0 0 2 4 5 180 0 0 92 0 0 0
6 0 0 88 0 0 0 0 0 0 0 68 244 5 0
105 93 17 54 0 0 0 54 0 0 0 0 14 140 138
157 0 27 27 191 250 201 8 0 69 0 0 40 57 176
64 128 6 0 0 192 168 11 10 192 168 11 1 192 70
0 74 216 158 51 0 0 250 128 80 16 250 240 151 118
0 0 0 88 0 0 0 6 0 0 0 108 0 0 0
0 0 0 68 244 5 0 29 87 93 17 76 0 0 0
76 0 0 0 14 140 138 157 7 0 27 27 191 250 201
8 69 0 0 62 57 177 64 0 128 6 0 0 192 168
11 192 168 11 1 192 70 0 102 74 216 158 51 0 0
250 80 24 250 240 151 140 0 0 3 0 0 22 17 224
0 0 12 0 193 2 1 0 194 2 1 2 192 1 10
108 0 0 6 0 0 0 108 0 0 0 0 0 0 0
68 5 0 0 124 93 17 76 0 0 0 76 0 0 0
0 27 191 250 201 0 14 140 138 157 7 8 0 69 0
0 59 175 0 0 30 6 201 175 192 168 11 1 192 168
11 0 102 192 70 0 0 250 128 74 216 158 73 80 24
16 69 197 0 0 3 0 0 22 17 208 0 12 0 5
0 2 1 0 194 2 1 2 192 1 10 108 0 0 0
6 0 0 112 0 0 0 0 0 0 0 68 244 5 0
50 93 17 79 0 0 0 79 0 0 0 0 14 140 138
157 0 27 27 191 250 201 8 0 69 0 0 65 57 178
64 128 6 0 0 192 168 11 10 192 168 11 1 192 70
0 74 216 158 73 0 0 250 150 80 24 250 218 151 143
0 3 0 0 25 2 240 128 50 1 0 0 2 0 0
8 0 240 0 0 2 0 2 1 224 0 112 0 0 0
6 0 0 116 0 0 0 0 0 0 0 68 244 5 0
134 93 17 81 0 0 0 81 0 0 0 0 27 27 191
250 0 14 140 138 157 7 8 0 69 0 0 67 59 176
0 30 6 201 169 192 168 11 1 192 168 11 10 0 102
192 0 0 250 150 74 216 158 98 80 24 16 0 221 166
0 3 0 0 27 2 240 128 50 3 0 0 2 0 0
8 0 0 0 240 0 0 2 0 2 0 240 0 0 0
116 0 0 6 0 0 0 96 0 0 0 0 0 0 0
68 5 0 171 152 93 17 61 0 0 0 61 0 0 0
0 140 138 157 7 0 27 27 191 250 201 8 0 69 0
0 57 179 64 0 128 6 0 0 192 168 11 10 192 168
11 192 70 0 102 74 216 158 98 0 0 250 177 80 24
250 151 125 0 0 3 0 0 7 2 240 0 0 0 0
96 0 0 6 0 0 0 120 0 0 0 0 0 0 0
68 5 0 85 154 93 17 87 0 0 0 87 0 0 0
0 140 138 157 7 0 27 27 191 250 201 8 0 69 0
0 57 180 64 0 128 6 0 0 192 168 11 10 192 168
11 192 70 0 102 74 216 158 105 0 0 250 177 80 24
250 151 151 0 0 3 0 0 33 2 240 128 50 7 0
0 0 0 8 0 8 0 1 18 4 17 68 1 0 255
9 4 1 50 0 4 0 120 0 0 0 6 0 0 0
92 0 0 0 0 0 0 68 244 5 0 136 194 93 17
60 0 0 60 0 0 0 0 27 27 191 250 201 0 14
140 157 7 8 0 69 0 0 40 59 177 0 0 30 6
201 192 168 11 1 192 168 11 10 0 102 192 70 0 0
250 74 216 158 138 80 16 16 0 99 183 0 0 0 0
0 0 0 92 0 0 0 6 0 0 0 168 0 0 0
0 0 0 68 244 5 0 194 221 93 17 135 0 0 0
135 0 0 0 27 27 191 250 201 0 14 140 138 157 7
8 69 0 0 121 59 179 0 0 30 6 201 112 192 168
11 192 168 11 10 0 102 192 70 0 0 250 177 74 216
158 80 24 16 0 146 133 0 0 3 0 0 81 2 240
128 7 0 0 3 0 0 12 0 52 0 1 18 8 18
132 2 0 0 0 0 255 9 0 48 1 50 0 4 0
40 1 0 4 0 1 0 0 0 1 0 2 0 0 0
0 86 252 1 145 127 130 11 211 153 2 86 0 0 0
0 0 0 0 0 0 0 0 0 0 0 168 0 0 0
6 0 0 96 0 0 0 0 0 0 0 68 244 5 0
179 93 17 61 0 0 0 61 0 0 0 0 14 140 138
157 0 27 27 191 250 201 8 0 69 0 0 47 57 181
64 128 6 0 0 192 168 11 10 192 168 11 1 192 70
0 74 216 158 138 0 0 251 2 80 24 250 110 151 125
0 3 0 0 7 2 240 0 0 0 0 96 0 0 0
6 0 0 120 0 0 0 0 0 0 0 68 244 5 0
247 93 17 87 0 0 0 87 0 0 0 0 14 140 138
157 0 27 27 191 250 201 8 0 69 0 0 73 57 182
64 128 6 0 0 192 168 11 10 192 168 11 1 192 70
0 74 216 158 145 0 0 251 2 80 24 250 110 151 151
0 3 0 0 33 2 240 128 50 7 0 0 4 0 0
8 8 0 1 18 4 17 68 1 0 255 9 0 4 1
50 2 0 120 0 0 0 6 0 0 0 168 0 0 0
0 0 0 68 244 5 0 230 31 94 17 135 0 0 0
135 0 0 0 27 27 191 250 201 0 14 140 138 157 7
8 69 0 0 121 59 180 0 0 30 6 201 111 192 168
11 192 168 11 10 0 102 192 70 0 0 251 2 74 216
158 80 24 16 0 89 57 0 0 3 0 0 81 2 240
128 7 0 0 4 0 0 12 0 52 0 1 18 8 18
132 2 0 0 0 0 255 9 0 48 1 50 0 2 0
40 1 0 2 0 0 0 0 0 5 0 14 0 0 0
0 1 8 0 0 0 0 0 0 0 0 0 0 0 0
0 0 0 0 0 0 0 0 0 0 0 168 0 0 0
6 0 0 96 0 0 0 0 0 0 0 68 244 5 0
190 94 17 61 0 0 0 61 0 0 0 0 14 140 138
157 0 27 27 191 250 201 8 0 69 0 0 47 57 183
64 128 6 0 0 192 168 11 10 192 168 11 1 192 70
0 74 216 158 178 0 0 251 83 80 24 250 29 151 125
0 3 0 0 7 2 240 0 0 0 0 96 0 0 0
6 0 0 120 0 0 0 0 0 0 0 68 244 5 0
211 94 17 87 0 0 0 87 0 0 0 0 14 140 138
157 0 27 27 191 250 201 8 0 69 0 0 73 57 184
64 128 6 0 0 192 168 11 10 192 168 11 1 192 70
0 74 216 158 185 0 0 251 83 80 24 250 29 151 151
0 3 0 0 33 2 240 128 50 7 0 0 5 0 0
8 8 0 1 18 4 17 68 1 0 255 9 0 4 0
19 0 0 120 0 0 0 6 0 0 0 52 1 0 0
0 0 0 68 244 5 0 170 94 94 17 19 1 0 0
19 0 0 0 27 27 191 250 201 0 14 140 138 157 7
8 69 0 1 5 59 181 0 0 30 6 200 226 192 168
11 192 168 11 10 0 102 192 70 0 0 251 83 74 216
158 80 24 16 0 104 159 0 0 3 0 0 221 2 240
128 7 0 0 5 0 0 12 0 192 0 1 18 8 18
132 2 0 0 0 0 255 9 0 188 0 19 0 0 0
36 5 0 1 0 1 0 4 0 0 0 17 0 0 0
4 0 0 0 106 50 0 0 0 0 0 0 0 0 0
0 0 0 0 0 0 0 2 0 1 0 0 0 0 0
1 0 0 0 0 0 0 0 0 0 0 0 0 0 0
0 0 0 0 0 0 0 0 0 0 0 3 0 2 0
8 0 0 2 0 0 0 0 0 0 0 0 0 0 0
0 0 0 8 0 0 0 0 146 116 0 0 0 0 0
4 2 0 128 0 0 0 2 0 0 0 0 0 0 0
0 0 0 0 0 0 0 128 0 0 0 0 0 0 0
0 0 0 5 0 2 0 0 12 0 0 2 0 0 0
0 0 0 0 0 0 0 0 0 0 0 0 12 0 0
0 32 0 0 0 0 0 52 1 0 0 6 0 0 0
96 0 0 0 0 0 0 68 244 5 0 158 95 94 17
61 0 0 61 0 0 0 0 14 140 138 157 7 0 27
27 250 201 8 0 69 0 0 47 57 185 64 0 128 6
0 192 168 11 10 192 168 11 1 192 70 0 102 74 216
158 0 0 252 48 80 24 249 64 151 125 0 0 3 0
0 2 240 0 0 0 0 96 0 0 0 5 0 0 0
108 0 0 0 0 0 0 68 244 5 0 181 43 96 17
1 28 0 67 111 117 110 116 101 114 115 32 112 114 111
118 100 101 100 32 98 121 32 100 117 109 112 99 97 112
2 8 0 68 244 5 0 172 147 46 17 3 0 8 0
68 5 0 181 43 96 17 4 0 8 0 25 0 0 0
0 0 0 5 0 8 0 0 0 0 0 0 0 0 0
