10 13 10 196 0 0 0 77 60 43 26 1 0 0 0
255 255 255 255 255 255 255 2 0 54 0 73 110 116 101
108 82 41 32 67 111 114 101 40 84 77 41 32 105 55
45 53 52 48 77 32 67 80 85 32 64 32 51 46 48
48 72 122 32 40 119 105 116 104 32 83 83 69 52 46
50 0 0 3 0 43 0 54 52 45 98 105 116 32 87
105 100 111 119 115 32 55 32 83 101 114 118 105 99 101
32 97 99 107 32 49 44 32 98 117 105 108 100 32 55
54 49 0 4 0 50 0 68 117 109 112 99 97 112 32
40 105 114 101 115 104 97 114 107 41 32 52 46 48 46
51 40 118 52 46 48 46 51 45 48 45 103 99 53 53
50 55 52 99 100 99 50 51 41 0 0 0 0 0 0
196 0 0 1 0 0 0 168 0 0 0 1 0 0 0
0 4 0 2 0 50 0 92 68 101 118 105 99 101 92
78 70 95 123 53 70 57 51 56 69 65 67 45 68 54
65 45 52 55 52 53 45 66 69 54 68 45 53 57 54
67 66 55 66 53 69 66 70 125 0 0 3 0 26 0
91 49 93 32 76 111 99 97 108 32 65 114 101 97 32
67 110 110 101 99 116 105 111 110 0 0 9 0 1 0
6 0 0 12 0 43 0 54 52 45 98 105 116 32 87
105 100 111 119 115 32 55 32 83 101 114 118 105 99 101
32 97 99 107 32 49 44 32 98 117 105 108 100 32 55
54 49 0 0 0 0 0 168 0 0 0 6 0 0 0
128 0 0 0 0 0 0 68 244 5 0 183 191 86 19
96 0 0 96 0 0 0 1 128 194 0 0 14 0 14
140 157 8 136 204 2 8 7 112 110 45 105 111 45 49
4 7 112 111 114 116 45 48 48 49 6 2 0 20 16
20 1 192 168 11 1 2 0 0 0 1 8 43 6 1
4 129 192 110 254 8 0 14 207 2 0 0 0 0 254
10 14 207 5 0 14 140 138 157 7 254 9 0 18 15
1 108 0 0 16 0 0 128 0 0 0 6 0 0 0
128 0 0 0 0 0 0 68 244 5 0 136 140 97 19
96 0 0 96 0 0 0 1 128 194 0 0 14 0 14
140 155 236 136 204 2 8 7 112 110 45 105 111 45 50
4 7 112 111 114 116 45 48 48 49 6 2 0 20 16
20 1 192 168 11 2 2 0 0 0 1 8 43 6 1
4 129 192 110 254 8 0 14 207 2 0 0 0 0 254
10 14 207 5 0 14 140 138 155 235 254 9 0 18 15
1 108 0 0 16 0 0 128 0 0 0 6 0 0 0
128 0 0 0 0 0 0 68 244 5 0 89 205 97 19
96 0 0 96 0 0 0 1 128 194 0 0 14 0 14
140 156 227 136 204 2 8 7 112 110 45 105 111 45 52
4 7 112 111 114 116 45 48 48 49 6 2 0 20 16
20 1 192 168 11 4 2 0 0 0 1 8 43 6 1
4 129 192 110 254 8 0 14 207 2 0 0 0 0 254
10 14 207 5 0 14 140 138 156 226 254 9 0 18 15
1 108 0 0 16 0 0 128 0 0 0 6 0 0 0
128 0 0 0 0 0 0 68 244 5 0 84 12 106 19
96 0 0 96 0 0 0 1 128 194 0 0 14 0 14
140 157 48 136 204 2 8 7 112 110 45 105 111 45 51
4 7 112 111 114 116 45 48 48 49 6 2 0 20 16
20 1 192 168 11 3 2 0 0 0 1 8 43 6 1
4 129 192 110 254 8 0 14 207 2 0 0 0 0 254
10 14 207 5 0 14 140 138 157 47 254 9 0 18 15
1 108 0 0 16 0 0 128 0 0 0 6 0 0 0
100 0 0 0 0 0 0 68 244 5 0 186 102 160 19
66 0 0 66 0 0 0 0 14 140 138 157 7 0 27
27 250 201 8 0 69 0 0 52 57 210 64 0 128 6
0 192 168 11 10 192 168 11 1 192 71 0 102 202 163
77 0 0 0 0 128 2 32 0 151 130 0 0 2 4
5 1 3 3 2 1 1 4 2 0 0 100 0 0 0
6 0 0 92 0 0 0 0 0 0 0 68 244 5 0
191 160 19 60 0 0 0 60 0 0 0 0 27 27 191
250 0 14 140 138 157 7 8 0 69 0 0 44 60 93
0 30 6 201 19 192 168 11 1 192 168 11 10 0 102
192 0 76 82 178 202 163 77 174 96 18 16 0 196 188
0 2 4 5 180 0 0 92 0 0 0 6 0 0 0
88 0 0 0 0 0 0 68 244 5 0 15 132 160 19
54 0 0 54 0 0 0 0 14 140 138 157 7 0 27
27 250 201 8 0 69 0 0 40 57 211 64 0 128 6
0 192 168 11 10 192 168 11 1 192 71 0 102 202 163
77 0 76 82 179 80 16 250 240 151 118 0 0 0 0
88 0 0 6 0 0 0 108 0 0 0 0 0 0 0
68 5 0 47 133 160 19 76 0 0 0 76 0 0 0
0 140 138 157 7 0 27 27 191 250 201 8 0 69 0
0 57 212 64 0 128 6 0 0 192 168 11 10 192 168
11 192 71 0 102 202 163 77 174 0 76 82 179 80 24
250 151 140 0 0 3 0 0 22 17 224 0 0 0 13
0 2 1 0 194 2 1 2 192 1 10 108 0 0 0
6 0 0 108 0 0 0 0 0 0 0 68 244 5 0
246 160 19 76 0 0 0 76 0 0 0 0 27 27 191
250 0 14 140 138 157 7 8 0 69 0 0 62 60 95
0 30 6 200 255 192 168 11 1 192 168 11 10 0 102
192 0 76 82 179 202 163 77 196 80 24 16 0 189 254
0 3 0 0 22 17 208 0 13 0 5 0 193 2 1
0 2 1 2 192 1 10 108 0 0 0 6 0 0 0
112 0 0 0 0 0 0 68 244 5 0 66 200 160 19
79 0 0 79 0 0 0 0 14 140 138 157 7 0 27
27 250 201 8 0 69 0 0 65 57 213 64 0 128 6
0 192 168 11 10 192 168 11 1 192 71 0 102 202 163
77 0 76 82 201 80 24 250 218 151 143 0 0 3 0
0 2 240 128 50 1 0 0 2 0 0 8 0 0 240
0 2 0 2 1 224 0 112 0 0 0 6 0 0 0
116 0 0 0 0 0 0 68 244 5 0 92 225 160 19
81 0 0 81 0 0 0 0 27 27 191 250 201 0 14
140 157 7 8 0 69 0 0 67 60 96 0 0 30 6
200 192 168 11 1 192 168 11 10 0 102 192 71 0 76
82 202 163 77 221 80 24 16 0 85 225 0 0 3 0
0 2 240 128 50 3 0 0 2 0 0 8 0 0 0
0 0 0 2 0 2 0 240 0 0 0 116 0 0 0
6 0 0 96 0 0 0 0 0 0 0 68 244 5 0
60 160 19 61 0 0 0 61 0 0 0 0 14 140 138
157 0 27 27 191 250 201 8 0 69 0 0 47 57 214
64 128 6 0 0 192 168 11 10 192 168 11 1 192 71
0 202 163 77 221 0 76 82 228 80 24 250 191 151 125
0 3 0 0 7 2 240 0 0 0 0 96 0 0 0
6 0 0 120 0 0 0 0 0 0 0 68 244 5 0
137 160 19 87 0 0 0 87 0 0 0 0 14 140 138
157 0 27 27 191 250 201 8 0 69 0 0 73 57 215
64 128 6 0 0 192 168 11 10 192 168 11 1 192 71
0 202 163 77 228 0 76 82 228 80 24 250 191 151 151
0 3 0 0 33 2 240 128 50 7 0 0 3 0 0
8 8 0 1 18 4 17 68 1 0 255 9 0 4 1
50 4 0 120 0 0 0 6 0 0 0 168 0 0 0
0 0 0 68 244 5 0 197 35 161 19 135 0 0 0
135 0 0 0 27 27 191 250 201 0 14 140 138 157 7
8 69 0 0 121 60 97 0 0 30 6 200 194 192 168
11 192 168 11 10 0 102 192 71 0 76 82 228 202 163
78 80 24 16 0 72 211 0 0 3 0 0 81 2 240
128 7 0 0 3 0 0 12 0 52 0 1 18 8 18
132 2 0 0 0 0 255 9 0 48 1 50 0 4 0
40 1 0 4 0 1 0 0 0 1 0 2 0 0 0
0 86 252 1 145 127 132 11 190 91 2 86 0 0 0
0 0 0 0 0 0 0 0 0 0 0 168 0 0 0
6 0 0 96 0 0 0 0 0 0 0 68 244 5 0
168 161 19 61 0 0 0 61 0 0 0 0 14 140 138
157 0 27 27 191 250 201 8 0 69 0 0 47 57 216
64 128 6 0 0 192 168 11 10 192 168 11 1 192 71
0 202 163 78 5 0 76 83 53 80 24 250 110 151 125
0 3 0 0 7 2 240 0 0 0 0 96 0 0 0
6 0 0 120 0 0 0 0 0 0 0 68 244 5 0
119 161 19 87 0 0 0 87 0 0 0 0 14 140 138
157 0 27 27 191 250 201 8 0 69 0 0 73 57 217
64 128 6 0 0 192 168 11 10 192 168 11 1 192 71
0 202 163 78 12 0 76 83 53 80 24 250 110 151 151
0 3 0 0 33 2 240 128 50 7 0 0 4 0 0
8 8 0 1 18 4 17 68 1 0 255 9 0 4 1
50 2 0 120 0 0 0 6 0 0 0 168 0 0 0
0 0 0 68 244 5 0 50 98 161 19 135 0 0 0
135 0 0 0 27 27 191 250 201 0 14 140 138 157 7
8 69 0 0 121 60 98 0 0 30 6 200 193 192 168
11 192 168 11 10 0 102 192 71 0 76 83 53 202 163
78 80 24 16 0 209 115 0 0 3 0 0 81 2 240
128 7 0 0 4 0 0 12 0 52 0 1 18 8 18
132 2 0 0 0 0 255 9 0 48 1 50 0 2 0
40 1 0 2 0 0 0 0 0 5 0 14 0 0 0
0 1 8 0 0 0 0 0 0 0 0 0 0 0 0
0 0 0 0 0 0 0 0 0 0 0 168 0 0 0
6 0 0 96 0 0 0 0 0 0 0 68 244 5 0
18 161 19 61 0 0 0 61 0 0 0 0 14 140 138
157 0 27 27 191 250 201 8 0 69 0 0 47 57 218
64 128 6 0 0 192 168 11 10 192 168 11 1 192 71
0 202 163 78 45 0 76 83 134 80 24 250 29 151 125
0 3 0 0 7 2 240 0 0 0 0 96 0 0 0
6 0 0 120 0 0 0 0 0 0 0 68 244 5 0
68 161 19 87 0 0 0 87 0 0 0 0 14 140 138
157 0 27 27 191 250 201 8 0 69 0 0 73 57 219
64 128 6 0 0 192 168 11 10 192 168 11 1 192 71
0 202 163 78 52 0 76 83 134 80 24 250 29 151 151
0 3 0 0 33 2 240 128 50 7 0 0 5 0 0
8 8 0 1 18 4 17 68 1 0 255 9 0 4 0
19 0 0 120 0 0 0 6 0 0 0 92 0 0 0
0 0 0 68 244 5 0 76 137 161 19 60 0 0 0
60 0 0 0 27 27 191 250 201 0 14 140 138 157 7
8 69 0 0 40 60 99 0 0 30 6 201 17 192 168
11 192 168 11 10 0 102 192 71 0 76 83 134 202 163
78 80 16 16 0 218 255 0 0 0 0 0 0 0 0
92 0 0 6 0 0 0 52 1 0 0 0 0 0 0
68 5 0 170 168 161 19 19 1 0 0 19 1 0 0
0 27 191 250 201 0 14 140 138 157 7 8 0 69 0
1 60 101 0 0 30 6 200 50 192 168 11 1 192 168
11 0 102 192 71 0 76 83 134 202 163 78 85 80 24
16 90 217 0 0 3 0 0 221 2 240 128 50 7 0
0 0 0 12 0 192 0 1 18 8 18 132 1 2 0
0 0 255 9 0 188 0 19 0 0 0 36 0 5 0
1 1 0 4 0 0 0 17 0 0 0 4 0 0 0
0 92 0 0 0 0 0 0 0 0 0 0 0 0 0
0 0 0 2 0 1 0 0 0 0 0 1 0 0 0
0 0 0 0 0 0 0 0 0 0 0 0 0 0 0
0 0 0 0 0 0 0 3 0 2 0 8 0 0 0
2 0 0 0 0 0 0 0 0 0 0 0 0 0 0
8 0 0 0 146 208 0 0 0 0 0 4 0 2 0
128 0 0 2 0 0 0 0 0 0 0 0 0 0 0
0 0 0 128 0 0 0 0 0 0 0 0 0 0 0
5 2 0 0 12 0 0 2 0 0 0 0 0 0 0
0 0 0 0 0 0 0 0 12 0 0 0 0 32 0
0 0 0 52 1 0 0 6 0 0 0 96 0 0 0
0 0 0 68 244 5 0 136 169 161 19 61 0 0 0
61 0 0 0 14 140 138 157 7 0 27 27 191 250 201
8 69 0 0 47 57 220 64 0 128 6 0 0 192 168
11 192 168 11 1 192 71 0 102 202 163 78 85 0 76
84 80 24 249 64 151 125 0 0 3 0 0 7 2 240
0 0 0 96 0 0 0 6 0 0 0 116 0 0 0
0 0 0 68 244 5 0 124 172 161 19 83 0 0 0
83 0 0 0 14 140 138 157 7 0 27 27 191 250 201
8 69 0 0 69 57 221 64 0 128 6 0 0 192 168
11 192 168 11 1 192 71 0 102 202 163 78 92 0 76
84 80 24 249 64 151 147 0 0 3 0 0 29 2 240
128 7 0 0 6 0 0 8 0 4 0 1 18 4 17
67 0 10 0 0 0 0 116 0 0 0 6 0 0 0
148 0 0 0 0 0 0 68 244 5 0 83 219 161 19
115 0 0 115 0 0 0 0 27 27 191 250 201 0 14
140 157 7 8 0 69 0 0 101 60 102 0 0 30 6
200 192 168 11 1 192 168 11 10 0 102 192 71 0 76
84 202 163 78 121 80 24 16 0 47 221 0 0 3 0
0 2 240 128 50 7 0 0 6 0 0 12 0 32 0
1 8 18 131 1 0 0 0 0 0 255 9 0 28 48
56 1 48 69 0 5 48 67 0 1 48 65 0 3 48
66 14 48 68 0 76 48 70 0 12 0 148 0 0 0
6 0 0 96 0 0 0 0 0 0 0 68 244 5 0
58 161 19 61 0 0 0 61 0 0 0 0 14 140 138
157 0 27 27 191 250 201 8 0 69 0 0 47 57 222
64 128 6 0 0 192 168 11 10 192 168 11 1 192 71
0 202 163 78 121 0 76 84 160 80 24 249 3 151 125
0 3 0 0 7 2 240 0 0 0 0 96 0 0 0
5 0 0 108 0 0 0 0 0 0 0 68 244 5 0
234 163 19 1 0 28 0 67 111 117 110 116 101 114 115
32 114 111 118 105 100 101 100 32 98 121 32 100 117 109
112 97 112 2 0 8 0 68 244 5 0 80 233 79 19
3 8 0 68 244 5 0 234 214 163 19 4 0 8 0
25 0 0 0 0 0 0 5 0 8 0 0 0 0 0
