10 13 10 196 0 0 0 77 60 43 26 1 0 0 0
255 255 255 255 255 255 255 2 0 54 0 73 110 116 101
108 82 41 32 67 111 114 101 40 84 77 41 32 105 55
45 53 52 48 77 32 67 80 85 32 64 32 51 46 48
48 72 122 32 40 119 105 116 104 32 83 83 69 52 46
50 0 0 3 0 43 0 54 52 45 98 105 116 32 87
105 100 111 119 115 32 55 32 83 101 114 118 105 99 101
32 97 99 107 32 49 44 32 98 117 105 108 100 32 55
54 49 0 4 0 50 0 68 117 109 112 99 97 112 32
40 105 114 101 115 104 97 114 107 41 32 52 46 48 46
51 40 118 52 46 48 46 51 45 48 45 103 99 53 53
50 55 52 99 100 99 50 51 41 0 0 0 0 0 0
196 0 0 1 0 0 0 168 0 0 0 1 0 0 0
0 4 0 2 0 50 0 92 68 101 118 105 99 101 92
78 70 95 123 53 70 57 51 56 69 65 67 45 68 54
65 45 52 55 52 53 45 66 69 54 68 45 53 57 54
67 66 55 66 53 69 66 70 125 0 0 3 0 26 0
91 49 93 32 76 111 99 97 108 32 65 114 101 97 32
67 110 110 101 99 116 105 111 110 0 0 9 0 1 0
6 0 0 12 0 43 0 54 52 45 98 105 116 32 87
105 100 111 119 115 32 55 32 83 101 114 118 105 99 101
32 97 99 107 32 49 44 32 98 117 105 108 100 32 55
54 49 0 0 0 0 0 168 0 0 0 6 0 0 0
100 0 0 0 0 0 0 68 244 5 0 123 42 4 22
66 0 0 66 0 0 0 0 14 140 138 157 7 0 27
27 250 201 8 0 69 0 0 52 57 239 64 0 128 6
0 192 168 11 10 192 168 11 1 192 72 0 102 34 185
250 0 0 0 0 128 2 32 0 151 130 0 0 2 4
5 1 3 3 2 1 1 4 2 0 0 100 0 0 0
6 0 0 92 0 0 0 0 0 0 0 68 244 5 0
95 4 22 60 0 0 0 60 0 0 0 255 255 255 255
255 0 14 140 138 157 7 8 6 0 1 8 0 6 4
0 0 14 140 138 157 7 192 168 11 1 30 6 202 234
192 192 168 11 10 0 0 0 0 0 0 0 0 0 0
0 0 0 0 0 0 0 92 0 0 0 6 0 0 0
76 0 0 0 0 0 0 68 244 5 0 140 59 4 22
42 0 0 42 0 0 0 0 14 140 138 157 7 0 27
27 250 201 8 6 0 1 8 0 6 4 0 2 0 27
27 250 201 192 168 11 10 0 14 140 138 157 7 192 168
11 0 0 76 0 0 0 6 0 0 0 92 0 0 0
0 0 0 68 244 5 0 234 66 4 22 60 0 0 0
60 0 0 0 27 27 191 250 201 0 14 140 138 157 7
8 69 0 0 44 61 23 0 0 30 6 200 89 192 168
11 192 168 11 10 0 102 192 72 0 156 143 96 34 185
250 96 18 16 0 130 157 0 0 2 4 5 180 0 0
92 0 0 6 0 0 0 88 0 0 0 0 0 0 0
68 5 0 85 67 4 22 54 0 0 0 54 0 0 0
0 140 138 157 7 0 27 27 191 250 201 8 0 69 0
0 57 240 64 0 128 6 0 0 192 168 11 10 192 168
11 192 72 0 102 34 185 250 184 0 156 143 97 80 16
250 151 118 0 0 0 0 88 0 0 0 6 0 0 0
108 0 0 0 0 0 0 68 244 5 0 164 68 4 22
76 0 0 76 0 0 0 0 14 140 138 157 7 0 27
27 250 201 8 0 69 0 0 62 57 241 64 0 128 6
0 192 168 11 10 192 168 11 1 192 72 0 102 34 185
250 0 156 143 97 80 24 250 240 151 140 0 0 3 0
0 17 224 0 0 0 14 0 193 2 1 0 194 2 1
2 1 10 108 0 0 0 6 0 0 0 108 0 0 0
0 0 0 68 244 5 0 26 106 4 22 76 0 0 0
76 0 0 0 27 27 191 250 201 0 14 140 138 157 7
8 69 0 0 62 61 24 0 0 30 6 200 70 192 168
11 192 168 11 10 0 102 192 72 0 156 143 97 34 185
250 80 24 16 0 123 222 0 0 3 0 0 22 17 208
0 0 5 0 193 2 1 0 194 2 1 2 192 1 10
108 0 0 6 0 0 0 112 0 0 0 0 0 0 0
68 5 0 155 108 4 22 79 0 0 0 79 0 0 0
0 140 138 157 7 0 27 27 191 250 201 8 0 69 0
0 57 242 64 0 128 6 0 0 192 168 11 10 192 168
11 192 72 0 102 34 185 250 206 0 156 143 119 80 24
250 151 143 0 0 3 0 0 25 2 240 128 50 1 0
0 0 0 8 0 0 240 0 0 2 0 2 1 224 0
112 0 0 6 0 0 0 116 0 0 0 0 0 0 0
68 5 0 105 133 4 22 81 0 0 0 81 0 0 0
0 27 191 250 201 0 14 140 138 157 7 8 0 69 0
0 61 25 0 0 30 6 200 64 192 168 11 1 192 168
11 0 102 192 72 0 156 143 119 34 185 250 231 80 24
16 19 194 0 0 3 0 0 27 2 240 128 50 3 0
0 0 0 8 0 0 0 0 240 0 0 2 0 2 0
240 0 0 116 0 0 0 6 0 0 0 96 0 0 0
0 0 0 68 244 5 0 116 134 4 22 61 0 0 0
61 0 0 0 14 140 138 157 7 0 27 27 191 250 201
8 69 0 0 47 57 243 64 0 128 6 0 0 192 168
11 192 168 11 1 192 72 0 102 34 185 250 231 0 156
143 80 24 250 191 151 125 0 0 3 0 0 7 2 240
0 0 0 96 0 0 0 6 0 0 0 120 0 0 0
0 0 0 68 244 5 0 45 136 4 22 87 0 0 0
87 0 0 0 14 140 138 157 7 0 27 27 191 250 201
8 69 0 0 73 57 244 64 0 128 6 0 0 192 168
11 192 168 11 1 192 72 0 102 34 185 250 238 0 156
143 80 24 250 191 151 151 0 0 3 0 0 33 2 240
128 7 0 0 3 0 0 8 0 8 0 1 18 4 17
68 0 255 9 0 4 1 50 0 4 0 120 0 0 0
6 0 0 168 0 0 0 0 0 0 0 68 244 5 0
13 4 22 135 0 0 0 135 0 0 0 0 27 27 191
250 0 14 140 138 157 7 8 0 69 0 0 121 61 26
0 30 6 200 9 192 168 11 1 192 168 11 10 0 102
192 0 156 143 146 34 185 251 15 80 24 16 0 6 180
0 3 0 0 81 2 240 128 50 7 0 0 3 0 0
12 52 0 1 18 8 18 132 1 2 0 0 0 0 255
9 48 1 50 0 4 0 40 0 1 0 4 0 1 0
0 1 0 2 0 0 0 0 86 86 252 1 145 127 132
11 91 2 86 0 0 0 0 0 0 0 0 0 0 0
0 0 0 168 0 0 0 6 0 0 0 96 0 0 0
0 0 0 68 244 5 0 32 193 4 22 61 0 0 0
61 0 0 0 14 140 138 157 7 0 27 27 191 250 201
8 69 0 0 47 57 245 64 0 128 6 0 0 192 168
11 192 168 11 1 192 72 0 102 34 185 251 15 0 156
143 80 24 250 110 151 125 0 0 3 0 0 7 2 240
0 0 0 96 0 0 0 6 0 0 0 120 0 0 0
0 0 0 68 244 5 0 92 196 4 22 87 0 0 0
87 0 0 0 14 140 138 157 7 0 27 27 191 250 201
8 69 0 0 73 57 246 64 0 128 6 0 0 192 168
11 192 168 11 1 192 72 0 102 34 185 251 22 0 156
143 80 24 250 110 151 151 0 0 3 0 0 33 2 240
128 7 0 0 4 0 0 8 0 8 0 1 18 4 17
68 0 255 9 0 4 0 0 0 0 0 120 0 0 0
6 0 0 72 1 0 0 0 0 0 0 68 244 5 0
168 4 22 39 1 0 0 39 1 0 0 0 27 27 191
250 0 14 140 138 157 7 8 0 69 0 1 25 61 27
0 30 6 199 104 192 168 11 1 192 168 11 10 0 102
192 0 156 143 227 34 185 251 55 80 24 16 0 236 253
0 3 0 0 241 2 240 128 50 7 0 0 4 0 0
12 212 0 1 18 8 18 132 1 2 0 0 0 0 255
9 208 0 0 0 0 0 2 0 100 0 0 15 0 0
17 17 15 17 0 18 1 18 15 18 0 19 0 20 15
20 21 1 21 0 23 1 23 15 23 0 24 1 24 15
24 25 15 25 0 26 15 26 0 27 15 27 0 28 1
28 28 0 33 10 33 15 33 2 34 0 35 15 35 0
36 36 4 36 5 36 0 37 1 37 2 37 15 37 1
49 50 2 50 0 54 1 54 15 54 0 55 1 55 15
55 56 1 56 2 56 15 56 1 57 0 116 1 116 15
116 145 10 145 12 145 13 145 0 146 2 146 6 146 15
146 148 2 148 6 148 7 148 15 148 0 149 1 149 15
149 150 12 150 12 151 13 151 1 154 2 154 15 154 0
177 178 0 179 0 180 1 181 2 181 3 181 4 181 5
181 181 7 181 8 181 1 182 2 182 3 182 4 182 0
160 160 0 72 1 0 0 6 0 0 0 96 0 0 0
0 0 0 68 244 5 0 168 251 4 22 61 0 0 0
61 0 0 0 14 140 138 157 7 0 27 27 191 250 201
8 69 0 0 47 57 247 64 0 128 6 0 0 192 168
11 192 168 11 1 192 72 0 102 34 185 251 55 0 156
144 80 24 249 125 151 125 0 0 3 0 0 7 2 240
0 0 0 96 0 0 0 6 0 0 0 120 0 0 0
0 0 0 68 244 5 0 45 255 4 22 87 0 0 0
87 0 0 0 14 140 138 157 7 0 27 27 191 250 201
8 69 0 0 73 57 248 64 0 128 6 0 0 192 168
11 192 168 11 1 192 72 0 102 34 185 251 62 0 156
144 80 24 249 125 151 151 0 0 3 0 0 33 2 240
128 7 0 0 5 0 0 8 0 8 0 1 18 4 17
68 0 255 9 0 4 1 17 0 1 0 120 0 0 0
6 0 0 156 0 0 0 0 0 0 0 68 244 5 0
196 5 22 123 0 0 0 123 0 0 0 0 27 27 191
250 0 14 140 138 157 7 8 0 69 0 0 109 61 28
0 30 6 200 19 192 168 11 1 192 168 11 10 0 102
192 0 156 144 212 34 185 251 95 80 24 16 0 255 65
0 3 0 0 69 2 240 128 50 7 0 0 5 0 0
12 40 0 1 18 8 18 132 1 2 0 0 0 0 255
9 36 1 17 0 1 0 28 0 1 0 1 54 69 83
55 51 49 53 45 50 70 72 49 51 45 48 65 66 48
32 192 0 4 0 1 0 156 0 0 0 6 0 0 0
96 0 0 0 0 0 0 68 244 5 0 222 61 5 22
61 0 0 61 0 0 0 0 14 140 138 157 7 0 27
27 250 201 8 0 69 0 0 47 57 249 64 0 128 6
0 192 168 11 10 192 168 11 1 192 72 0 102 34 185
251 0 156 145 25 80 24 249 56 151 125 0 0 3 0
0 2 240 0 0 0 0 96 0 0 0 6 0 0 0
220 0 0 0 0 0 0 68 244 5 0 29 62 5 22
185 0 0 185 0 0 0 1 128 194 0 0 14 0 27
27 250 201 136 204 2 8 7 112 99 115 55 45 112 99
4 7 112 111 114 116 45 48 48 49 6 2 0 20 10
7 67 83 55 45 80 67 12 72 83 73 69 77 69 78
83 65 71 32 83 73 77 65 84 73 67 32 70 105 101
108 32 80 71 32 77 52 44 54 69 83 55 55 49 54
45 67 65 49 48 45 48 67 66 52 44 70 53 57 53
51 55 56 32 43 32 101 110 103 105 110 101 101 114 105
110 14 4 0 128 0 128 16 20 5 1 0 0 0 0
2 0 0 1 8 43 6 1 4 1 129 192 110 254 8
0 207 2 0 0 0 0 254 10 0 14 207 5 0 27
27 250 201 254 9 0 18 15 1 3 236 3 0 30 0
0 0 0 220 0 0 0 6 0 0 0 120 0 0 0
0 0 0 68 244 5 0 56 65 5 22 87 0 0 0
87 0 0 0 14 140 138 157 7 0 27 27 191 250 201
8 69 0 0 73 57 250 64 0 128 6 0 0 192 168
11 192 168 11 1 192 72 0 102 34 185 251 102 0 156
145 80 24 249 56 151 151 0 0 3 0 0 33 2 240
128 7 0 0 6 0 0 8 0 8 0 1 18 4 17
68 0 255 9 0 4 4 36 0 0 0 120 0 0 0
6 0 0 128 0 0 0 0 0 0 0 68 244 5 0
191 5 22 96 0 0 0 96 0 0 0 1 128 194 0
0 0 14 140 138 157 8 136 204 2 8 7 112 110 45
105 45 49 4 9 7 112 111 114 116 45 48 48 49 6
2 20 16 20 5 1 192 168 11 1 2 0 0 0 1
8 6 1 4 1 129 192 110 254 8 0 14 207 2 0
0 0 254 10 0 14 207 5 0 14 140 138 157 7 254
9 18 15 1 3 108 0 0 16 0 0 128 0 0 0
6 0 0 92 0 0 0 0 0 0 0 68 244 5 0
88 5 22 60 0 0 0 60 0 0 0 0 27 27 191
250 0 14 140 138 157 7 8 0 69 0 0 40 61 29
0 30 6 200 87 192 168 11 1 192 168 11 10 0 102
192 0 156 145 25 34 185 251 135 80 16 15 220 151 247
0 0 0 0 0 0 0 92 0 0 0 6 0 0 0
148 0 0 0 0 0 0 68 244 5 0 63 131 5 22
115 0 0 115 0 0 0 0 27 27 191 250 201 0 14
140 157 7 8 0 69 0 0 101 61 30 0 0 30 6
200 192 168 11 1 192 168 11 10 0 102 192 72 0 156
145 34 185 251 135 80 24 16 0 50 222 0 0 3 0
0 2 240 128 50 7 0 0 6 0 0 12 0 32 0
1 8 18 132 1 2 0 0 0 0 255 9 0 28 4
36 0 0 20 0 1 81 68 255 8 0 0 0 0 0
0 0 3 16 17 16 54 72 135 7 0 148 0 0 0
6 0 0 96 0 0 0 0 0 0 0 68 244 5 0
43 5 22 61 0 0 0 61 0 0 0 0 14 140 138
157 0 27 27 191 250 201 8 0 69 0 0 47 57 251
64 128 6 0 0 192 168 11 10 192 168 11 1 192 72
0 34 185 251 135 0 156 145 86 80 24 248 251 151 125
0 3 0 0 7 2 240 0 0 0 0 96 0 0 0
5 0 0 108 0 0 0 0 0 0 0 68 244 5 0
165 9 22 1 0 28 0 67 111 117 110 116 101 114 115
32 114 111 118 105 100 101 100 32 98 121 32 100 117 109
112 97 112 2 0 8 0 68 244 5 0 216 17 223 21
3 8 0 68 244 5 0 165 8 9 22 4 0 8 0
25 0 0 0 0 0 0 5 0 8 0 0 0 0 0
