00001010000011010000110100001010110001000000000000000000000000000100110100111100001010110001101000000001000000000000000000000000
11111111111111111111111111111111111111111111111111111111111111110000001000000000001101100000000001001001011011100111010001100101
01101100001010000101001000101001001000000100001101101111011100100110010100101000010101000100110100101001001000000110100100110111
00101101001100110011010100110100001100000100110100100000010000110101000001010101001000000100000000100000001100110010111000110000
00110000010001110100100001111010001000000010100001110111011010010111010001101000001000000101001101010011010001010011010000101110
00110010001010010000000000000000000000110000000000101011000000000011011000110100001011010110001001101001011101000010000001010111
01101001011011100110010001101111011101110111001100100000001101110010000001010011011001010111001001110110011010010110001101100101
00100000010100000110000101100011011010110010000000110001001011000010000001100010011101010110100101101100011001000010000000110111
00110110001100000011000100000000000001000000000000110010000000000100010001110101011011010111000001100011011000010111000000100000
00101000010101110110100101110010011001010111001101101000011000010111001001101011001010010010000000110100001011100011000000101110
00110011001000000010100001110110001101000010111000110000001011100011001100101101001100000010110101100111011000110011010100110101
00110010011001100011011100110100011000110110010001100011001100100011001100101001000000000000000000000000000000000000000000000000
11000100000000000000000000000000000000010000000000000000000000001010100000000000000000000000000000000001000000000000000000000000
00000000000000000000010000000000000000100000000000110010000000000101110001000100011001010111011001101001011000110110010101011100
01001110010100000100011001011111011110110011010101000110001110010011001100111000010001010100000101000011001011010100010000110110
01000001001101110010110100110100001101110011010000110101001011010100001001000101001101100100010000101101001101010011100100110110
01000011010000110100001000110111010000100011010101000101010000100100011001111101000000000000000000000011000000000001101000000000
01011011010100000011000101011101001000000100110001101111011000110110000101101100001000000100000101110010011001010110000100100000
01000011011011110110111001101110011001010110001101110100011010010110111101101110000000000000000000001001000000000000000100000000
00000110000000000000000000000000000011000000000000101011000000000011011000110100001011010110001001101001011101000010000001010111
01101001011011100110010001101111011101110111001100100000001101110010000001010011011001010111001001110110011010010110001101100101
00100000010100000110000101100011011010110010000000110001001011000010000001100010011101010110100101101100011001000010000000110111
00110110001100000011000100000000000000000000000000000000000000001010100000000000000000000000000000000110000000000000000000000000
10000000000000000000000000000000000000000000000000000000000000000100001111110100000001010000000001111010111000011011110111110001
01100000000000000000000000000000011000000000000000000000000000000000000110000000110000100000000000000000000011100000000000001110
10001100100010101001110100110000100010001100110000000010000010000000011101110000011011100010110101101001011011110010110100110011
00000100000010010000011101110000011011110111001001110100001011010011000000110000001100010000011000000010000000000001010000010000
00010100000001010000000111000000101010000000101100000011000000100000000000000000000000000000000100001000001010110000011000000001
00000100000000011000000111000000011011101111111000001000000000000000111011001111000000100000000000000000000000000000000011111110
00001010000000000000111011001111000001010000000000001110100011001000101010011101001011111111111000001001000000000001001000001111
00000001000000110110110000000000000000000001000000000000000000001000000000000000000000000000000000000110000000000000000000000000
11011100000000000000000000000000000000000000000000000000000000000100001111110100000001010000000001001010010111101100011111110001
10111001000000000000000000000000101110010000000000000000000000000000000110000000110000100000000000000000000011100000000000011011
00011011101111111111101011001001100010001100110000000010000010000000011101110000011000110111001100110111001011010111000001100011
00000100000010010000011101110000011011110111001001110100001011010011000000110000001100010000011000000010000000000001010000001010
00000111010100000100001101010011001101110010110101010000010000110000110001001000010100110100100101000101010011010100010101001110
01010011001000000100000101000111001000000101001101001001010011010100000101010100010010010100001100100000010001100110100101100101
01101100011001000010000001010000010001110010000001001101001101000010110000110110010001010101001100110111001101110011000100110110
00101101001100100100001101000001001100010011000000101101001100000100001101000010001101000010110001000110001101010011100100110101
00110011001101100011011100111000001000000010101100100000011001010110111001100111011010010110111001100101011001010111001001101001
01101110011001110000111000000100000000001000000000000000100000000001000000010100000001010000000100000000000000000000000000000000
00000010000000000000000000000000000000010000100000101011000001100000000100000100000000011000000111000000011011101111111000001000
00000000000011101100111100000010000000000000000000000000000000001111111000001010000000000000111011001111000001010000000000011011
00011011101111111111101011001001111111100000100100000000000100100000111100000001000000111110110000000011000000000001111000000000
00000000000000000000000000000000110111000000000000000000000000000000011000000000000000000000000010000000000000000000000000000000
00000000000000000000000000000000010000111111010000000101000000001001011011101000111101101111000101100000000000000000000000000000
01100000000000000000000000000000000000011000000011000010000000000000000000001110000000000000111010001100100010101001110100001000
10001000110011000000001000001000000001110111000001101110001011010110100101101111001011010011000100000100000010010000011101110000
01101111011100100111010000101101001100000011000000110001000001100000001000000000000101000001000000010100000001010000000111000000
10101000000010110000000100000010000000000000000000000000000000010000100000101011000001100000000100000100000000011000000111000000
01101110111111100000100000000000000011101100111100000010000000000000000000000000000000001111111000001010000000000000111011001111
00000101000000000000111010001100100010101001110100000111111111100000100100000000000100100000111100000001000000110110110000000000
00000000000100000000000000000000100000000000000000000000000000000000011000000000000000000000000010000000000000000000000000000000
00000000000000000000000000000000010000111111010000000101000000001011111110101111000000011111001001100000000000000000000000000000
01100000000000000000000000000000000000011000000011000010000000000000000000001110000000000000111010001100100010101001101111101100
10001000110011000000001000001000000001110111000001101110001011010110100101101111001011010011001000000100000010010000011101110000
01101111011100100111010000101101001100000011000000110001000001100000001000000000000101000001000000010100000001010000000111000000
10101000000010110000001000000010000000000000000000000000000000010000100000101011000001100000000100000100000000011000000111000000
01101110111111100000100000000000000011101100111100000010000000000000000000000000000000001111111000001010000000000000111011001111
00000101000000000000111010001100100010101001101111101011111111100000100100000000000100100000111100000001000000110110110000000000
00000000000100000000000000000000100000000000000000000000000000000000011000000000000000000000000010000000000000000000000000000000
00000000000000000000000000000000010000111111010000000101000000000011100111111100000000011111001001100000000000000000000000000000
01100000000000000000000000000000000000011000000011000010000000000000000000001110000000000000111010001100100010101001110011100011
10001000110011000000001000001000000001110111000001101110001011010110100101101111001011010011010000000100000010010000011101110000
01101111011100100111010000101101001100000011000000110001000001100000001000000000000101000001000000010100000001010000000111000000
10101000000010110000010000000010000000000000000000000000000000010000100000101011000001100000000100000100000000011000000111000000
01101110111111100000100000000000000011101100111100000010000000000000000000000000000000001111111000001010000000000000111011001111
00000101000000000000111010001100100010101001110011100010111111100000100100000000000100100000111100000001000000110110110000000000
00000000000100000000000000000000100000000000000000000000000000000000011000000000000000000000000010000000000000000000000000000000
00000000000000000000000000000000010000111111010000000101000000000000011000101001000010101111001001100000000000000000000000000000
01100000000000000000000000000000000000011000000011000010000000000000000000001110000000000000111010001100100010101001110100110000
10001000110011000000001000001000000001110111000001101110001011010110100101101111001011010011001100000100000010010000011101110000
01101111011100100111010000101101001100000011000000110001000001100000001000000000000101000001000000010100000001010000000111000000
10101000000010110000001100000010000000000000000000000000000000010000100000101011000001100000000100000100000000011000000111000000
01101110111111100000100000000000000011101100111100000010000000000000000000000000000000001111111000001010000000000000111011001111
00000101000000000000111010001100100010101001110100101111111111100000100100000000000100100000111100000001000000110110110000000000
00000000000100000000000000000000100000000000000000000000000000000000011000000000000000000000000011011100000000000000000000000000
00000000000000000000000000000000010000111111010000000101000000000111101001110001010000011111001010111001000000000000000000000000
10111001000000000000000000000000000000011000000011000010000000000000000000001110000000000001101100011011101111111111101011001001
10001000110011000000001000001000000001110111000001100011011100110011011100101101011100000110001100000100000010010000011101110000
01101111011100100111010000101101001100000011000000110001000001100000001000000000000101000000101000000111010100000100001101010011
00110111001011010101000001000011000011000100100001010011010010010100010101001101010001010100111001010011001000000100000101000111
00100000010100110100100101001101010000010101010001001001010000110010000001000110011010010110010101101100011001000010000001010000
01000111001000000100110100110100001011000011011001000101010100110011011100110111001100010011011000101101001100100100001101000001
00110001001100000010110100110000010000110100001000110100001011000100011000110101001110010011010100110011001101100011011100111000
00100000001010110010000001100101011011100110011101101001011011100110010101100101011100100110100101101110011001110000111000000100
00000000100000000000000010000000000100000001010000000101000000010000000000000000000000000000000000000010000000000000000000000000
00000001000010000010101100000110000000010000010000000001100000011100000001101110111111100000100000000000000011101100111100000010
00000000000000000000000000000000111111100000101000000000000011101100111100000101000000000001101100011011101111111111101011001001
11111110000010010000000000010010000011110000000100000011111011000000001100000000000111100000000000000000000000000000000000000000
11011100000000000000000000000000000001100000000000000000000000001000000000000000000000000000000000000000000000000000000000000000
01000011111101000000010100000000101010100011000001000011111100100110000000000000000000000000000001100000000000000000000000000000
00000001100000001100001000000000000000000000111000000000000011101000110010001010100111010000100010001000110011000000001000001000
00000111011100000110111000101101011010010110111100101101001100010000010000001001000001110111000001101111011100100111010000101101
00110000001100000011000100000110000000100000000000010100000100000001010000000101000000011100000010101000000010110000000100000010
00000000000000000000000000000001000010000010101100000110000000010000010000000001100000011100000001101110111111100000100000000000
00001110110011110000001000000000000000000000000000000000111111100000101000000000000011101100111100000101000000000000111010001100
10001010100111010000011111111110000010010000000000010010000011110000000100000011011011000000000000000000000100000000000000000000
10000000000000000000000000000000000001100000000000000000000000001000000000000000000000000000000000000000000000000000000000000000
01000011111101000000010100000000000100001111100001001101111100100110000000000000000000000000000001100000000000000000000000000000
00000001100000001100001000000000000000000000111000000000000011101000110010001010100110111110110010001000110011000000001000001000
00000111011100000110111000101101011010010110111100101101001100100000010000001001000001110111000001101111011100100111010000101101
00110000001100000011000100000110000000100000000000010100000100000001010000000101000000011100000010101000000010110000001000000010
00000000000000000000000000000001000010000010101100000110000000010000010000000001100000011100000001101110111111100000100000000000
00001110110011110000001000000000000000000000000000000000111111100000101000000000000011101100111100000101000000000000111010001100
10001010100110111110101111111110000010010000000000010010000011110000000100000011011011000000000000000000000100000000000000000000
10000000000000000000000000000000000001100000000000000000000000001000000000000000000000000000000000000000000000000000000000000000
01000011111101000000010100000000110100110100010001001110111100100110000000000000000000000000000001100000000000000000000000000000
00000001100000001100001000000000000000000000111000000000000011101000110010001010100111001110001110001000110011000000001000001000
00000111011100000110111000101101011010010110111100101101001101000000010000001001000001110111000001101111011100100111010000101101
00110000001100000011000100000110000000100000000000010100000100000001010000000101000000011100000010101000000010110000010000000010
00000000000000000000000000000001000010000010101100000110000000010000010000000001100000011100000001101110111111100000100000000000
00001110110011110000001000000000000000000000000000000000111111100000101000000000000011101100111100000101000000000000111010001100
10001010100111001110001011111110000010010000000000010010000011110000000100000011011011000000000000000000000100000000000000000000
10000000000000000000000000000000000001100000000000000000000000001000000000000000000000000000000000000000000000000000000000000000
01000011111101000000010100000000100101110111000101010110111100100110000000000000000000000000000001100000000000000000000000000000
00000001100000001100001000000000000000000000111000000000000011101000110010001010100111010011000010001000110011000000001000001000
00000111011100000110111000101101011010010110111100101101001100110000010000001001000001110111000001101111011100100111010000101101
00110000001100000011000100000110000000100000000000010100000100000001010000000101000000011100000010101000000010110000001100000010
00000000000000000000000000000001000010000010101100000110000000010000010000000001100000011100000001101110111111100000100000000000
00001110110011110000001000000000000000000000000000000000111111100000101000000000000011101100111100000101000000000000111010001100
10001010100111010010111111111110000010010000000000010010000011110000000100000011011011000000000000000000000100000000000000000000
10000000000000000000000000000000000001100000000000000000000000001000000000000000000000000000000000000000000000000000000000000000
01000011111101000000010100000000010000110111100010001111111100100110000000000000000000000000000001100000000000000000000000000000
00000001100000001100001000000000000000000000111000000000000011101000110010001010100111010000100010001000110011000000001000001000
00000111011100000110111000101101011010010110111100101101001100010000010000001001000001110111000001101111011100100111010000101101
00110000001100000011000100000110000000100000000000010100000100000001010000000101000000011100000010101000000010110000000100000010
00000000000000000000000000000001000010000010101100000110000000010000010000000001100000011100000001101110111111100000100000000000
00001110110011110000001000000000000000000000000000000000111111100000101000000000000011101100111100000101000000000000111010001100
10001010100111010000011111111110000010010000000000010010000011110000000100000011011011000000000000000000000100000000000000000000
10000000000000000000000000000000000001100000000000000000000000001000000000000000000000000000000000000000000000000000000000000000
01000011111101000000010100000000001110010100000010011010111100100110000000000000000000000000000001100000000000000000000000000000
00000001100000001100001000000000000000000000111000000000000011101000110010001010100110111110110010001000110011000000001000001000
00000111011100000110111000101101011010010110111100101101001100100000010000001001000001110111000001101111011100100111010000101101
00110000001100000011000100000110000000100000000000010100000100000001010000000101000000011100000010101000000010110000001000000010
00000000000000000000000000000001000010000010101100000110000000010000010000000001100000011100000001101110111111100000100000000000
00001110110011110000001000000000000000000000000000000000111111100000101000000000000011101100111100000101000000000000111010001100
10001010100110111110101111111110000010010000000000010010000011110000000100000011011011000000000000000000000100000000000000000000
10000000000000000000000000000000000001100000000000000000000000001000000000000000000000000000000000000000000000000000000000000000
01000011111101000000010100000000011100111000110110011010111100100110000000000000000000000000000001100000000000000000000000000000
00000001100000001100001000000000000000000000111000000000000011101000110010001010100111001110001110001000110011000000001000001000
00000111011100000110111000101101011010010110111100101101001101000000010000001001000001110111000001101111011100100111010000101101
00110000001100000011000100000110000000100000000000010100000100000001010000000101000000011100000010101000000010110000010000000010
00000000000000000000000000000001000010000010101100000110000000010000010000000001100000011100000001101110111111100000100000000000
00001110110011110000001000000000000000000000000000000000111111100000101000000000000011101100111100000101000000000000111010001100
10001010100111001110001011111110000010010000000000010010000011110000000100000011011011000000000000000000000100000000000000000000
10000000000000000000000000000000000001100000000000000000000000001000000000000000000000000000000000000000000000000000000000000000
01000011111101000000010100000000110101011011100110100010111100100110000000000000000000000000000001100000000000000000000000000000
00000001100000001100001000000000000000000000111000000000000011101000110010001010100111010011000010001000110011000000001000001000
00000111011100000110111000101101011010010110111100101101001100110000010000001001000001110111000001101111011100100111010000101101
00110000001100000011000100000110000000100000000000010100000100000001010000000101000000011100000010101000000010110000001100000010
00000000000000000000000000000001000010000010101100000110000000010000010000000001100000011100000001101110111111100000100000000000
00001110110011110000001000000000000000000000000000000000111111100000101000000000000011101100111100000101000000000000111010001100
10001010100111010010111111111110000010010000000000010010000011110000000100000011011011000000000000000000000100000000000000000000
10000000000000000000000000000000000001100000000000000000000000001101110000000000000000000000000000000000000000000000000000000000
01000011111101000000010100000000101000001000010010111011111100101011100100000000000000000000000010111001000000000000000000000000
00000001100000001100001000000000000000000000111000000000000110110001101110111111111110101100100110001000110011000000001000001000
00000111011100000110001101110011001101110010110101110000011000110000010000001001000001110111000001101111011100100111010000101101
00110000001100000011000100000110000000100000000000010100000010100000011101010000010000110101001100110111001011010101000001000011
00001100010010000101001101001001010001010100110101000101010011100101001100100000010000010100011100100000010100110100100101001101
01000001010101000100100101000011001000000100011001101001011001010110110001100100001000000101000001000111001000000100110100110100
00101100001101100100010101010011001101110011011100110001001101100010110100110010010000110100000100110001001100000010110100110000
01000011010000100011010000101100010001100011010100111001001101010011001100110110001101110011100000100000001010110010000001100101
01101110011001110110100101101110011001010110010101110010011010010110111001100111000011100000010000000000100000000000000010000000
00010000000101000000010100000001000000000000000000000000000000000000001000000000000000000000000000000001000010000010101100000110
00000001000001000000000110000001110000000110111011111110000010000000000000001110110011110000001000000000000000000000000000000000
11111110000010100000000000001110110011110000010100000000000110110001101110111111111110101100100111111110000010010000000000010010
00001111000000010000001111101100000000110000000000011110000000000000000000000000000000000000000011011100000000000000000000000000
00000110000000000000000000000000010111000000000000000000000000000000000000000000000000000000000001000011111101000000010100000000
01110010010101111100010011110010001111000000000000000000000000000011110000000000000000000000000011111111111111111111111111111111
11111111111111110000000000001110100011001000101010011101001011110000100000000110000000000000000100001000000000000000011000000100
00000000000000010000000000001110100011001000101010011101001011111100000010101000000010110000001100000000000011101000110010001010
10011011111010111100000010101000000010110000000100000000000000000000000000000000000000000000000000000000000000000000000000000000
00000000000000000000000000000000000000000000000000000000000000000101110000000000000000000000000000000110000000000000000000000000
10000000000000000000000000000000000000000000000000000000000000000100001111110100000001010000000010010011110000011101101111110010
01100000000000000000000000000000011000000000000000000000000000000000000110000000110000100000000000000000000011100000000000001110
10001100100010101001110100001000100010001100110000000010000010000000011101110000011011100010110101101001011011110010110100110001
00000100000010010000011101110000011011110111001001110100001011010011000000110000001100010000011000000010000000000001010000010000
00010100000001010000000111000000101010000000101100000001000000100000000000000000000000000000000100001000001010110000011000000001
00000100000000011000000111000000011011101111111000001000000000000000111011001111000000100000000000000000000000000000000011111110
00001010000000000000111011001111000001010000000000001110100011001000101010011101000001111111111000001001000000000001001000001111
00000001000000110110110000000000000000000001000000000000000000001000000000000000000000000000000000000110000000000000000000000000
00001000000000100000000000000000000000000000000000000000000000000100001111110100000001010000000001100010111001001110000011110010
11100110000000010000000000000000111001100000000100000000000000000000000100000000010111100111111111111111111110100000000000011011
00011011101111111111101011001001000010000000000001000101000000000000000111011000001110010111011000000000000000000000000100010001
11000010111100101100000010101000000010110000101011101111111111111111111111111010000001110110110000000111011011000000000111000100
10111101100000100100111001001111010101000100100101000110010110010010000000101010001000000100100001010100010101000101000000101111
00110001001011100011000100001101000010100100100001101111011100110111010000111010001100100011001100111001001011100011001000110101
00110101001011100011001000110101001101010010111000110010001101010011000000111010001100010011100100110000001100000000110100001010
01001110010101000011101001110101011101010110100101100100001110100011100100110100011000010011100101100110001110000011001000110001
00101101011000110110001000110010001110010010110100110100001100010011010100110100001011010011100001100100011000110011001000101101
00110000001101110011010000110101011001000110001101100011001101000011001001100010011001000110001100001101000010100100111001010100
01010011001110100111001101110011011001000111000000111010011000010110110001101001011101100110010100001101000010100100110001101111
01100011011000010111010001101001011011110110111000111010011010000111010001110100011100000011101000101111001011110011000100111001
00110010001011100011000100110110001110000010111000110001001100010010111000110001001100000011101000110010001110000011011000111001
00101111011101010111000001101110011100000110100001101111011100110111010000101111011101010110010001101000011010010111001101100001
01110000011010010010111001100100011011000110110000111111011000110110111101101110011101000110010101101110011101000011110101110101
01110101011010010110010000111010001110010011010001100001001110010110011000111000001100100011000100101101011000110110001000110010
00111001001011010011010000110001001101010011010000101101001110000110010001100011001100100010110100110000001101110011010000110101
01100100011000110110001100110100001100100110001001100100011000110000110100001010010101010101001101001110001110100111010101110101
01101001011001000011101000111001001101000110000100111001011001100011100000110010001100010010110101100011011000100011001000111001
00101101001101000011000100110101001101000010110100111000011001000110001100110010001011010011000000110111001101000011010101100100
01100011011000110011010000110010011000100110010001100011000011010000101001000011011000010110001101101000011001010010110101000011
01101111011011100111010001110010011011110110110000111010011011010110000101111000001011010110000101100111011001010011110100111001
00110000001100000000110100001010010100110110010101110010011101100110010101110010001110100100110101101001011000110111001001101111
01110011011011110110011001110100001011010101011101101001011011100110010001101111011101110111001100101101010011100101010000101111
00110101001011100011000100100000010101010101000001101110010100000010111100110001001011100011000000100000010101010101000001101110
01010000001011010100010001100101011101100110100101100011011001010010110101001000011011110111001101110100001011110011000100101110
00110000000011010000101001001111010100000101010000111010001000100110100001110100011101000111000000111010001011110010111101110011
01100011011010000110010101101101011000010111001100101110011101010111000001101110011100000010111001101111011100100110011100101111
01110101011100000110111001110000001011110011000100101111001100000010111100100010001110110010000001101110011100110011110100110000
00110001000011010000101000110000001100010010110101001110010011000101001100111010001101010110010100110000001110010110011001100010
01100011011001100011000000110011011001010011011000110001001101000011000101100011011000110011100000110101001101110011011000111001
01100100001100000011100101100101001101010110010001100101001100000011011100110010000011010000101000001101000010100000000000000000
00001000000000100000000000000000000001100000000000000000000000000010010000000010000000000000000000000000000000000000000000000000
01000011111101000000010100000000001001011110010111100000111100100000001000000010000000000000000000000010000000100000000000000000
00110011001100110000000000000000000000000000110000000000000110110001101110111111111110101100100110000110110111010110000000000000
00000000000000000000000111001100000100010000000111111110100000000000000000000000000000000000000000000000000000001010010111000010
10010100101110000100101110111010110001010010110011111111000000100000000000000000000000000000000000000000000000000000000000000000
00000000000000000000000000000000000000000000110000000111011011000000011101101100000000011100110001001010110011110100111001001111
01010100010010010100011001011001001000000010101000100000010010000101010001010100010100000010111100110001001011100011000100001101
00001010010010000110111101110011011101000011101001011011010001100100011000110000001100100011101000111010010000110101110100111010
00110001001110010011000000110000000011010000101001001110010101000011101001110101011101010110100101100100001110100011100100110100
01100001001110010110011000111000001100100011000100101101011000110110001000110010001110010010110100110100001100010011010100110100
00101101001110000110010001100011001100100010110100110000001101110011010000110101011001000110001101100011001101000011001001100010
01100100011000110000110100001010010011100101010001010011001110100111001101110011011001000111000000111010011000010110110001101001
01110110011001010000110100001010010011000110111101100011011000010111010001101001011011110110111000111010011010000111010001110100
01110000001110100010111100101111010110110110011001100101001110000011000000111010001110100110000100110101011000110011001000111010
00111001001101000110001000111000001110100011010001100010011000100110000100111010011000110011010100110010011000110101110100111010
00110010001110000011011000111001001011110111010101110000011011100111000001101000011011110111001101110100001011110111010101100100
01101000011010010111001101100001011100000110100100101110011001000110110001101100001111110110001101101111011011100111010001100101
01101110011101000011110101110101011101010110100101100100001110100011100100110100011000010011100101100110001110000011001000110001
00101101011000110110001000110010001110010010110100110100001100010011010100110100001011010011100001100100011000110011001000101101
00110000001101110011010000110101011001000110001101100011001101000011001001100010011001000110001100001101000010100101010101010011
01001110001110100111010101110101011010010110010000111010001110010011010001100001001110010110011000111000001100100011000100101101
01100011011000100011001000111001001011010011010000110001001101010011010000101101001110000110010001100011001100100010110100110000
00110111001101000011010101100100011000110110001100110100001100100110001001100100011000110000110100001010010000110110000101100011
01101000011001010010110101000011011011110110111001110100011100100110111101101100001110100110110101100001011110000010110101100001
01100111011001010011110100111001001100000011000000001101000010100101001101100101011100100111011001100101011100100011101001001101
01101001011000110111001001101111011100110110111101100110011101000010110101010111011010010110111001100100011011110111011101110011
00101101010011100101010000101111001101010010111000110001001000000101010101010000011011100101000000101111001100010010111000110000
00100000010101010101000001101110010100000010110101000100011001010111011001101001011000110110010100101101010010000110111101110011
01110100001011110011000100101110001100000000110100001010010011110101000001010100001110100010001001101000011101000111010001110000
00111010001011110010111101110011011000110110100001100101011011010110000101110011001011100111010101110000011011100111000000101110
01101111011100100110011100101111011101010111000001101110011100000010111100110001001011110011000000101111001000100011101100100000
01101110011100110011110100110000001100010000110100001010001100000011000100101101010011100100110001010011001110100011010101100101
00110000001110010110011001100010011000110110011000110000001100110110010100110110001100010011010000110001011000110110001100111000
00110101001101110011011000111001011001000011000000111001011001010011010101100100011001010011000000110111001100100000110100001010
00001101000010100000000000000000001001000000001000000000000000000000011000000000000000000000000000000000000000100000000000000000
00000000000000000000000000000000010000111111010000000101000000000111000111100111111000001111001011011101000000010000000000000000
11011101000000010000000000000000000000010000000001011110011111111111111111111010000000000001101100011011101111111111101011001001
00001000000000000100010100000000000000011100111100111001011101110000000000000000000000010001000111000010111110101100000010101000
00001011000010101110111111111111111111111111101000000111011011000000011101101100000000011011101110111101011110010100111001001111
01010100010010010100011001011001001000000010101000100000010010000101010001010100010100000010111100110001001011100011000100001101
00001010010010000110111101110011011101000011101000110010001100110011100100101110001100100011010100110101001011100011001000110101
00110101001011100011001000110101001100000011101000110001001110010011000000110000000011010000101001001110010101000011101001110101
01110000011011100111000000111010011100100110111101101111011101000110010001100101011101100110100101100011011001010000110100001010
01001110010101000101001100111010011100110111001101100100011100000011101001100001011011000110100101110110011001010000110100001010
01001100011011110110001101100001011101000110100101101111011011100011101001101000011101000111010001110000001110100010111100101111
00110001001110010011001000101110001100010011011000111000001011100011000100110001001011100011000100110000001110100011001000111000
00110110001110010010111101110101011100000110111001110000011010000110111101110011011101000010111101110101011001000110100001101001
01110011011000010111000001101001001011100110010001101100011011000011111101100011011011110110111001110100011001010110111001110100
00111101011101010111010101101001011001000011101000111001001101000110000100111001011001100011100000110010001100010010110101100011
01100010001100100011100100101101001101000011000100110101001101000010110100111000011001000110001100110010001011010011000000110111
00110100001101010110010001100011011000110011010000110010011000100110010001100011000011010000101001010101010100110100111000111010
01110101011101010110100101100100001110100011100100110100011000010011100101100110001110000011001000110001001011010110001101100010
00110010001110010010110100110100001100010011010100110100001011010011100001100100011000110011001000101101001100000011011100110100
00110101011001000110001101100011001101000011001001100010011001000110001100111010001110100111010101110000011011100111000000111010
01110010011011110110111101110100011001000110010101110110011010010110001101100101000011010000101001000011011000010110001101101000
01100101001011010100001101101111011011100111010001110010011011110110110000111010011011010110000101111000001011010110000101100111
01100101001111010011100100110000001100000000110100001010010100110110010101110010011101100110010101110010001110100100110101101001
01100011011100100110111101110011011011110110011001110100001011010101011101101001011011100110010001101111011101110111001100101101
01001110010101000010111100110101001011100011000100100000010101010101000001101110010100000010111100110001001011100011000000100000
01010101010100000110111001010000001011010100010001100101011101100110100101100011011001010010110101001000011011110111001101110100
00101111001100010010111000110000000011010000101001001111010100000101010000111010001000100110100001110100011101000111000000111010
00101111001011110111001101100011011010000110010101101101011000010111001100101110011101010111000001101110011100000010111001101111
01110010011001110010111101110101011100000110111001110000001011110011000100101111001100000010111100100010001110110010000001101110
01110011001111010011000000110001000011010000101000110000001100010010110101001110010011000101001100111010001101010110010100110000
00111001011001100110001001100011011001100011000000110011011001010011011000110001001101000011000101100011011000110011100000110101
00110111001101100011100101100100001100000011100101100101001101010110010001100101001100000011011100110010000011010000101000001101
00001010000000000000000000000000000000000000001000000000000000000000011000000000000000000000000000011100000000100000000000000000
00000000000000000000000000000000010000111111010000000101000000001110111111100111111000001111001011111001000000010000000000000000
11111001000000010000000000000000001100110011001100000000000000000000000000001100000000000001101100011011101111111111101011001001
10000110110111010110000000000000000000000000000000000001110000110001000100000001111111101000000000000000000000000000000000000000
00000000000000001010010111000010100101001011100001001011101110101100010100101100111111110000001000000000000000000000000000000000
00000000000000000000000000000000000000000000000000000000000000000000000000001100000001110110110000000111011011000000000111000011
01001010110001100100111001001111010101000100100101000110010110010010000000101010001000000100100001010100010101000101000000101111
00110001001011100011000100001101000010100100100001101111011100110111010000111010010110110100011001000110001100000011001000111010
00111010010000110101110100111010001100010011100100110000001100000000110100001010010011100101010000111010011101010111000001101110
01110000001110100111001001101111011011110111010001100100011001010111011001101001011000110110010100001101000010100100111001010100
01010011001110100111001101110011011001000111000000111010011000010110110001101001011101100110010100001101000010100100110001101111
01100011011000010111010001101001011011110110111000111010011010000111010001110100011100000011101000101111001011110101101101100110
01100101001110000011000000111010001110100110000100110101011000110011001000111010001110010011010001100010001110000011101000110100
01100010011000100110000100111010011000110011010100110010011000110101110100111010001100100011100000110110001110010010111101110101
01110000011011100111000001101000011011110111001101110100001011110111010101100100011010000110100101110011011000010111000001101001
00101110011001000110110001101100001111110110001101101111011011100111010001100101011011100111010000111101011101010111010101101001
01100100001110100011100100110100011000010011100101100110001110000011001000110001001011010110001101100010001100100011100100101101
00110100001100010011010100110100001011010011100001100100011000110011001000101101001100000011011100110100001101010110010001100011
01100011001101000011001001100010011001000110001100001101000010100101010101010011010011100011101001110101011101010110100101100100
00111010001110010011010001100001001110010110011000111000001100100011000100101101011000110110001000110010001110010010110100110100
00110001001101010011010000101101001110000110010001100011001100100010110100110000001101110011010000110101011001000110001101100011
00110100001100100110001001100100011000110011101000111010011101010111000001101110011100000011101001110010011011110110111101110100
01100100011001010111011001101001011000110110010100001101000010100100001101100001011000110110100001100101001011010100001101101111
01101110011101000111001001101111011011000011101001101101011000010111100000101101011000010110011101100101001111010011100100110000
00110000000011010000101001010011011001010111001001110110011001010111001000111010010011010110100101100011011100100110111101110011
01101111011001100111010000101101010101110110100101101110011001000110111101110111011100110010110101001110010101000010111100110101
00101110001100010010000001010101010100000110111001010000001011110011000100101110001100000010000001010101010100000110111001010000
00101101010001000110010101110110011010010110001101100101001011010100100001101111011100110111010000101111001100010010111000110000
00001101000010100100111101010000010101000011101000100010011010000111010001110100011100000011101000101111001011110111001101100011
01101000011001010110110101100001011100110010111001110101011100000110111001110000001011100110111101110010011001110010111101110101
01110000011011100111000000101111001100010010111100110000001011110010001000111011001000000110111001110011001111010011000000110001
00001101000010100011000000110001001011010100111001001100010100110011101000110101011001010011000000111001011001100110001001100011
01100110001100000011001101100101001101100011000100110100001100010110001101100011001110000011010100110111001101100011100101100100
00110000001110010110010100110101011001000110010100110000001101110011001000001101000010100000110100001010000000000000000000000000
00011100000000100000000000000000000001100000000000000000000000000100000000000010000000000000000000000000000000000000000000000000
01000011111101000000010100000000000010111111001111100000111100100001111100000010000000000000000000011111000000100000000000000000
00000001000000000101111001111111111111111111101000000000000110110001101110111111111110101100100100001000000000000100010100000000
00000010000100010011100101111000000000000000000000000001000100011100001010110111110000001010100000001011000010101110111111111111
11111111111110100000011101101100000001110110110000000001111111011011110110111011010011100100111101010100010010010100011001011001
00100000001010100010000001001000010101000101010001010000001011110011000100101110001100010000110100001010010010000110111101110011
01110100001110100011001000110011001110010010111000110010001101010011010100101110001100100011010100110101001011100011001000110101
00110000001110100011000100111001001100000011000000001101000010100100111001010100001110100111010101110010011011100011101001110011
01100011011010000110010101101101011000010111001100101101011101010111000001101110011100000010110101101111011100100110011100111010
01110011011001010111001001110110011010010110001101100101001110100100001101101111011011100110111001100101011000110111010001101001
01101111011011100100110101100001011011100110000101100111011001010111001000111010001100010000110100001010010011100101010001010011
00111010011100110111001101100100011100000011101001100001011011000110100101110110011001010000110100001010010011000110111101100011
01100001011101000110100101101111011011100011101001101000011101000111010001110000001110100010111100101111001100010011100100110010
00101110001100010011011000111000001011100011000100110001001011100011000100110000001110100011001000111000001101100011100100101111
01110101011100000110111001110000011010000110111101110011011101000010111101110101011001000110100001101001011100110110000101110000
01101001001011100110010001101100011011000011111101100011011011110110111001110100011001010110111001110100001111010111010101110101
01101001011001000011101000111001001101000110000100111001011001100011100000110010001100010010110101100011011000100011001000111001
00101101001101000011000100110101001101000010110100111000011001000110001100110010001011010011000000110111001101000011010101100100
01100011011000110011010000110010011000100110010001100011000011010000101001010101010100110100111000111010011101010111010101101001
01100100001110100011100100110100011000010011100101100110001110000011001000110001001011010110001101100010001100100011100100101101
00110100001100010011010100110100001011010011100001100100011000110011001000101101001100000011011100110100001101010110010001100011
01100011001101000011001001100010011001000110001100111010001110100111010101110010011011100011101001110011011000110110100001100101
01101101011000010111001100101101011101010111000001101110011100000010110101101111011100100110011100111010011100110110010101110010
01110110011010010110001101100101001110100100001101101111011011100110111001100101011000110111010001101001011011110110111001001101
01100001011011100110000101100111011001010111001000111010001100010000110100001010010000110110000101100011011010000110010100101101
01000011011011110110111001110100011100100110111101101100001110100110110101100001011110000010110101100001011001110110010100111101
00111001001100000011000000001101000010100101001101100101011100100111011001100101011100100011101001001101011010010110001101110010
01101111011100110110111101100110011101000010110101010111011010010110111001100100011011110111011101110011001011010100111001010100
00101111001101010010111000110001001000000101010101010000011011100101000000101111001100010010111000110000001000000101010101010000
01101110010100000010110101000100011001010111011001101001011000110110010100101101010010000110111101110011011101000010111100110001
00101110001100000000110100001010010011110101000001010100001110100010001001101000011101000111010001110000001110100010111100101111
01110011011000110110100001100101011011010110000101110011001011100111010101110000011011100111000000101110011011110111001001100111
00101111011101010111000001101110011100000010111100110001001011110011000000101111001000100011101100100000011011100111001100111101
00110000001100010000110100001010001100000011000100101101010011100100110001010011001110100011010101100101001100000011100101100110
01100010011000110110011000110000001100110110010100110110001100010011010000110001011000110110001100111000001101010011011100110110
00111001011001000011000000111001011001010011010101100100011001010011000000110111001100100000110100001010000011010000101000000000
01000000000000100000000000000000000001100000000000000000000000000101110000000010000000000000000000000000000000000000000000000000
01000011111101000000010100000000100011111111001111100000111100100011101100000010000000000000000000111011000000100000000000000000
00110011001100110000000000000000000000000000110000000000000110110001101110111111111110101100100110000110110111010110000000000000
00000000000000000000001000000101000100010000000111111110100000000000000000000000000000000000000000000000000000001010010111000010
10010100101110000100101110111010110001010010110011111111000000100000000000000000000000000000000000000000000000000000000000000000
00000000000000000000000000000000000000000000110000000111011011000000011101101100000000100000010101001011000010000100111001001111
01010100010010010100011001011001001000000010101000100000010010000101010001010100010100000010111100110001001011100011000100001101
00001010010010000110111101110011011101000011101001011011010001100100011000110000001100100011101000111010010000110101110100111010
00110001001110010011000000110000000011010000101001001110010101000011101001110101011100100110111000111010011100110110001101101000
01100101011011010110000101110011001011010111010101110000011011100111000000101101011011110111001001100111001110100111001101100101
01110010011101100110100101100011011001010011101001000011011011110110111001101110011001010110001101110100011010010110111101101110
01001101011000010110111001100001011001110110010101110010001110100011000100001101000010100100111001010100010100110011101001110011
01110011011001000111000000111010011000010110110001101001011101100110010100001101000010100100110001101111011000110110000101110100
01101001011011110110111000111010011010000111010001110100011100000011101000101111001011110101101101100110011001010011100000110000
00111010001110100110000100110101011000110011001000111010001110010011010001100010001110000011101000110100011000100110001001100001
00111010011000110011010100110010011000110101110100111010001100100011100000110110001110010010111101110101011100000110111001110000
01101000011011110111001101110100001011110111010101100100011010000110100101110011011000010111000001101001001011100110010001101100
01101100001111110110001101101111011011100111010001100101011011100111010000111101011101010111010101101001011001000011101000111001
00110100011000010011100101100110001110000011001000110001001011010110001101100010001100100011100100101101001101000011000100110101
00110100001011010011100001100100011000110011001000101101001100000011011100110100001101010110010001100011011000110011010000110010
01100010011001000110001100001101000010100101010101010011010011100011101001110101011101010110100101100100001110100011100100110100
01100001001110010110011000111000001100100011000100101101011000110110001000110010001110010010110100110100001100010011010100110100
00101101001110000110010001100011001100100010110100110000001101110011010000110101011001000110001101100011001101000011001001100010
01100100011000110011101000111010011101010111001001101110001110100111001101100011011010000110010101101101011000010111001100101101
01110101011100000110111001110000001011010110111101110010011001110011101001110011011001010111001001110110011010010110001101100101
00111010010000110110111101101110011011100110010101100011011101000110100101101111011011100100110101100001011011100110000101100111
01100101011100100011101000110001000011010000101001000011011000010110001101101000011001010010110101000011011011110110111001110100
01110010011011110110110000111010011011010110000101111000001011010110000101100111011001010011110100111001001100000011000000001101
00001010010100110110010101110010011101100110010101110010001110100100110101101001011000110111001001101111011100110110111101100110
01110100001011010101011101101001011011100110010001101111011101110111001100101101010011100101010000101111001101010010111000110001
00100000010101010101000001101110010100000010111100110001001011100011000000100000010101010101000001101110010100000010110101000100
01100101011101100110100101100011011001010010110101001000011011110111001101110100001011110011000100101110001100000000110100001010
01001111010100000101010000111010001000100110100001110100011101000111000000111010001011110010111101110011011000110110100001100101
01101101011000010111001100101110011101010111000001101110011100000010111001101111011100100110011100101111011101010111000001101110
01110000001011110011000100101111001100000010111100100010001110110010000001101110011100110011110100110000001100010000110100001010
00110000001100010010110101001110010011000101001100111010001101010110010100110000001110010110011001100010011000110110011000110000
00110011011001010011011000110001001101000011000101100011011000110011100000110101001101110011011000111001011001000011000000111001
01100101001101010110010001100101001100000011011100110010000011010000101000001101000010100000000001011100000000100000000000000000
00000110000000000000000000000000010000000000001000000000000000000000000000000000000000000000000001000011111101000000010100000000
01100100111101111110000011110010000111010000001000000000000000000001110100000010000000000000000000000001000000000101111001111111
11111111111110100000000000011011000110111011111111111010110010010000100000000000010001010000000000000010000011110011100101111001
00000000000000000000000100010001110000101011100011000000101010000000101100001010111011111111111111111111111110100000011101101100
00000111011011000000000111111011101111011011100101001110010011110101010001001001010001100101100100100000001010100010000001001000
01010100010101000101000000101111001100010010111000110001000011010000101001001000011011110111001101110100001110100011001000110011
00111001001011100011001000110101001101010010111000110010001101010011010100101110001100100011010100110000001110100011000100111001
00110000001100000000110100001010010011100101010000111010011101010111001001101110001110100111001101100011011010000110010101101101
01100001011100110010110101110101011100000110111001110000001011010110111101110010011001110011101001110011011001010111001001110110
01101001011000110110010100111010010000110110111101101110011101000110010101101110011101000100010001101001011100100110010101100011
01110100011011110111001001111001001110100011000100001101000010100100111001010100010100110011101001110011011100110110010001110000
00111010011000010110110001101001011101100110010100001101000010100100110001101111011000110110000101110100011010010110111101101110
00111010011010000111010001110100011100000011101000101111001011110011000100111001001100100010111000110001001101100011100000101110
00110001001100010010111000110001001100000011101000110010001110000011011000111001001011110111010101110000011011100111000001101000
01101111011100110111010000101111011101010110010001101000011010010111001101100001011100000110100100101110011001000110110001101100
00111111011000110110111101101110011101000110010101101110011101000011110101110101011101010110100101100100001110100011100100110100
01100001001110010110011000111000001100100011000100101101011000110110001000110010001110010010110100110100001100010011010100110100
00101101001110000110010001100011001100100010110100110000001101110011010000110101011001000110001101100011001101000011001001100010
01100100011000110000110100001010010101010101001101001110001110100111010101110101011010010110010000111010001110010011010001100001
00111001011001100011100000110010001100010010110101100011011000100011001000111001001011010011010000110001001101010011010000101101
00111000011001000110001100110010001011010011000000110111001101000011010101100100011000110110001100110100001100100110001001100100
01100011001110100011101001110101011100100110111000111010011100110110001101101000011001010110110101100001011100110010110101110101
01110000011011100111000000101101011011110111001001100111001110100111001101100101011100100111011001101001011000110110010100111010
01000011011011110110111001110100011001010110111001110100010001000110100101110010011001010110001101110100011011110111001001111001
00111010001100010000110100001010010000110110000101100011011010000110010100101101010000110110111101101110011101000111001001101111
01101100001110100110110101100001011110000010110101100001011001110110010100111101001110010011000000110000000011010000101001010011
01100101011100100111011001100101011100100011101001001101011010010110001101110010011011110111001101101111011001100111010000101101
01010111011010010110111001100100011011110111011101110011001011010100111001010100001011110011010100101110001100010010000001010101
01010000011011100101000000101111001100010010111000110000001000000101010101010000011011100101000000101101010001000110010101110110
01101001011000110110010100101101010010000110111101110011011101000010111100110001001011100011000000001101000010100100111101010000
01010100001110100010001001101000011101000111010001110000001110100010111100101111011100110110001101101000011001010110110101100001
01110011001011100111010101110000011011100111000000101110011011110111001001100111001011110111010101110000011011100111000000101111
00110001001011110011000000101111001000100011101100100000011011100111001100111101001100000011000100001101000010100011000000110001
00101101010011100100110001010011001110100011010101100101001100000011100101100110011000100110001101100110001100000011001101100101
00110110001100010011010000110001011000110110001100111000001101010011011100110110001110010110010000110000001110010110010100110101
01100100011001010011000000110111001100100000110100001010000011010000101000000000000000000000000001000000000000100000000000000000
00000101000000000000000000000000011011000000000000000000000000000000000000000000000000000000000001000011111101000000010100000000
10101111101001011110001111110010000000010000000000011100000000000100001101101111011101010110111001110100011001010111001001110011
00100000011100000111001001101111011101100110100101100100011001010110010000100000011000100111100100100000011001000111010101101101
01110000011000110110000101110000000000100000000000001000000000000100001111110100000001010000000000010001111001101011110111110001
00000011000000000000100000000000010000111111010000000101000000001010111110100101111000111111001000000100000000000000100000000000
00011001000000000000000000000000000000000000000000000000000000000000010100000000000010000000000000000000000000000000000000000000
