00001010000011010000110100001010110001000000000000000000000000000100110100111100001010110001101000000001000000000000000000000000
11111111111111111111111111111111111111111111111111111111111111110000001000000000001101100000000001001001011011100111010001100101
01101100001010000101001000101001001000000100001101101111011100100110010100101000010101000100110100101001001000000110100100110111
00101101001100110011010100110100001100000100110100100000010000110101000001010101001000000100000000100000001100110010111000110000
00110000010001110100100001111010001000000010100001110111011010010111010001101000001000000101001101010011010001010011010000101110
00110010001010010000000000000000000000110000000000101011000000000011011000110100001011010110001001101001011101000010000001010111
01101001011011100110010001101111011101110111001100100000001101110010000001010011011001010111001001110110011010010110001101100101
00100000010100000110000101100011011010110010000000110001001011000010000001100010011101010110100101101100011001000010000000110111
00110110001100000011000100000000000001000000000000110010000000000100010001110101011011010111000001100011011000010111000000100000
00101000010101110110100101110010011001010111001101101000011000010111001001101011001010010010000000110100001011100011000000101110
00110011001000000010100001110110001101000010111000110000001011100011001100101101001100000010110101100111011000110011010100110101
00110010011001100011011100110100011000110110010001100011001100100011001100101001000000000000000000000000000000000000000000000000
11000100000000000000000000000000000000010000000000000000000000001010100000000000000000000000000000000001000000000000000000000000
00000000000000000000010000000000000000100000000000110010000000000101110001000100011001010111011001101001011000110110010101011100
01001110010100000100011001011111011110110011010101000110001110010011001100111000010001010100000101000011001011010100010000110110
01000001001101110010110100110100001101110011010000110101001011010100001001000101001101100100010000101101001101010011100100110110
01000011010000110100001000110111010000100011010101000101010000100100011001111101000000000000000000000011000000000001101000000000
01011011010100000011000101011101001000000100110001101111011000110110000101101100001000000100000101110010011001010110000100100000
01000011011011110110111001101110011001010110001101110100011010010110111101101110000000000000000000001001000000000000000100000000
00000110000000000000000000000000000011000000000000101011000000000011011000110100001011010110001001101001011101000010000001010111
01101001011011100110010001101111011101110111001100100000001101110010000001010011011001010111001001110110011010010110001101100101
00100000010100000110000101100011011010110010000000110001001011000010000001100010011101010110100101101100011001000010000000110111
00110110001100000011000100000000000000000000000000000000000000001010100000000000000000000000000000000110000000000000000000000000
10000000000000000000000000000000000000000000000000000000000000000100010011110100000001010000000000011001011011110011011000010111
01100000000000000000000000000000011000000000000000000000000000000000000110000000110000100000000000000000000011100000000000001110
10001100100010101001110100001000100010001100110000000010000010000000011101110000011011100010110101101001011011110010110100110001
00000100000010010000011101110000011011110111001001110100001011010011000000110000001100010000011000000010000000000001010000010000
00010100000001010000000111000000101010000000101100000001000000100000000000000000000000000000000100001000001010110000011000000001
00000100000000011000000111000000011011101111111000001000000000000000111011001111000000100000000000000000000000000000000011111110
00001010000000000000111011001111000001010000000000001110100011001000101010011101000001111111111000001001000000000001001000001111
00000001000000110110110000000000000000000001000000000000000000001000000000000000000000000000000000000110000000000000000000000000
10000000000000000000000000000000000000000000000000000000000000000100010011110100000001010000000010001111001111000100000100010111
01100000000000000000000000000000011000000000000000000000000000000000000110000000110000100000000000000000000011100000000000001110
10001100100010101001101111101100100010001100110000000010000010000000011101110000011011100010110101101001011011110010110100110010
00000100000010010000011101110000011011110111001001110100001011010011000000110000001100010000011000000010000000000001010000010000
00010100000001010000000111000000101010000000101100000010000000100000000000000000000000000000000100001000001010110000011000000001
00000100000000011000000111000000011011101111111000001000000000000000111011001111000000100000000000000000000000000000000011111110
00001010000000000000111011001111000001010000000000001110100011001000101010011011111010111111111000001001000000000001001000001111
00000001000000110110110000000000000000000001000000000000000000001000000000000000000000000000000000000110000000000000000000000000
10000000000000000000000000000000000000000000000000000000000000000100010011110100000001010000000011111101011110110100000100010111
01100000000000000000000000000000011000000000000000000000000000000000000110000000110000100000000000000000000011100000000000001110
10001100100010101001110011100011100010001100110000000010000010000000011101110000011011100010110101101001011011110010110100110100
00000100000010010000011101110000011011110111001001110100001011010011000000110000001100010000011000000010000000000001010000010000
00010100000001010000000111000000101010000000101100000100000000100000000000000000000000000000000100001000001010110000011000000001
00000100000000011000000111000000011011101111111000001000000000000000111011001111000000100000000000000000000000000000000011111110
00001010000000000000111011001111000001010000000000001110100011001000101010011100111000101111111000001001000000000001001000001111
00000001000000110110110000000000000000000001000000000000000000001000000000000000000000000000000000000110000000000000000000000000
10000000000000000000000000000000000000000000000000000000000000000100010011110100000001010000000011011001101111000100100100010111
01100000000000000000000000000000011000000000000000000000000000000000000110000000110000100000000000000000000011100000000000001110
10001100100010101001110100110000100010001100110000000010000010000000011101110000011011100010110101101001011011110010110100110011
00000100000010010000011101110000011011110111001001110100001011010011000000110000001100010000011000000010000000000001010000010000
00010100000001010000000111000000101010000000101100000011000000100000000000000000000000000000000100001000001010110000011000000001
00000100000000011000000111000000011011101111111000001000000000000000111011001111000000100000000000000000000000000000000011111110
00001010000000000000111011001111000001010000000000001110100011001000101010011101001011111111111000001001000000000001001000001111
00000001000000110110110000000000000000000001000000000000000000001000000000000000000000000000000000000110000000000000000000000000
11011100000000000000000000000000000000000000000000000000000000000100010011110100000001010000000010000110011110000111001100010111
10111001000000000000000000000000101110010000000000000000000000000000000110000000110000100000000000000000000011100000000000011011
00011011101111111111101011001001100010001100110000000010000010000000011101110000011000110111001100110111001011010111000001100011
00000100000010010000011101110000011011110111001001110100001011010011000000110000001100010000011000000010000000000001010000001010
00000111010100000100001101010011001101110010110101010000010000110000110001001000010100110100100101000101010011010100010101001110
01010011001000000100000101000111001000000101001101001001010011010100000101010100010010010100001100100000010001100110100101100101
01101100011001000010000001010000010001110010000001001101001101000010110000110110010001010101001100110111001101110011000100110110
00101101001100100100001101000001001100010011000000101101001100000100001101000010001101000010110001000110001101010011100100110101
00110011001101100011011100111000001000000010101100100000011001010110111001100111011010010110111001100101011001010111001001101001
01101110011001110000111000000100000000001000000000000000100000000001000000010100000001010000000100000000000000000000000000000000
00000010000000000000000000000000000000010000100000101011000001100000000100000100000000011000000111000000011011101111111000001000
00000000000011101100111100000010000000000000000000000000000000001111111000001010000000000000111011001111000001010000000000011011
00011011101111111111101011001001111111100000100100000000000100100000111100000001000000111110110000000011000000000001111000000000
00000000000000000000000000000000110111000000000000000000000000000000011000000000000000000000000001111100000000000000000000000000
00000000000000000000000000000000010001001111010000000101000000001101001101000111011101010001011101011011000000000000000000000000
01011011000000000000000000000000000000000000111010001100100010101001110100000111000000000001101100011011101111111111101011001001
00001000000000000100010100000000000000000100110100111011000100100100000000000000100000000000011000000000000000001100000010101000
00001011000010101100000010101000000010110000000111000000010011000000000001100110001100110001000001110111001100110000000010100000
10101001100100000101000000011000111110101111000010010111100110110000000000000000000000110000000000000000001001010000001011110000
10000000001100100000011100000000000000000111011100000000000000000000100000000000000011000000000000000001000100100000010000010001
01000011000000110000000011111111000010010000000000001000001100000011100000110000001100000011000000110000001100010100001000000000
01111100000000000000000000000000000001100000000000000000000000001100100000000000000000000000000000000000000000000000000000000000
01000100111101000000010100000000101010100111000101110101000101111010010100000000000000000000000010100101000000000000000000000000
00000000000110110001101110111111111110101100100100000000000011101000110010001010100111010000011100001000000000000100010100000000
00000000100101110011111000101000000000000000000000011110000001101100011011011101110000001010100000001011000000011100000010101000
00001011000010100000000001100110110000000100110000000000101000001010100110010000001100110001000001110111010110000101000000011000
00010000000000001111010001101110000000000000000000000011000000000000000001101111000000101111000010000000001100100000011100000000
00000000011101110000000000000000000011000000000001010010000000000000000100010010000010000001001010000011000000110000000000000000
00000000000000000000000011111111000010010000000001001110000000010000000000000000010010100010001000000000011100000111000000000001
00000001000000100000100000000000000000010000000000000000000000011011000000000000000000000000000000000000000000101100101000101110
00000111001101111100010100000011100111011100101100001100000100010100110000000000000111000000000000011110000000000001101000000001
00101110000000000000000000000000000000000000000000000000000000000000000000000000000000000000000000000000000000000000000000000000
00000000000000000000000000000000000000000000000000000000000000000000000000000001000000000011001110101011000000000000000000000000
00000000000000000000000000000000000000000000000000000000000000001100100000000000000000000000000000000110000000000000000000000000
01100000000000000000000000000000000000000000000000000000000000000100010011110100000001010000000011000011011100100111010100010111
00111101000000000000000000000000001111010000000000000000000000000000000000001110100011001000101010011101000001110000000000011011
00011011101111111111101011001001000010000000000001000101000000000000000000101111001110110001001101000000000000001000000000000110
00000000000000001100000010101000000010110000101011000000101010000000101100000001110000000100110000000000011001100011001100010000
01110111010110000000000010100000101010011111111101010000000110001111101010000001100101110111110100000000000000000000001100000000
00000000000001110000001011110000000000000000000000000000000000000110000000000000000000000000000000000110000000000000000000000000
01011100000000000000000000000000000000000000000000000000000000000100010011110100000001010000000011001101011111100111011000010111
00111100000000000000000000000000001111000000000000000000000000000000000000011011000110111011111111111010110010010000000000001110
10001100100010101001110100000111000010000000000001000101000000000000000000101000001111100010100100000000000000000001111000000110
11000111010010111100000010101000000010110000000111000000101010000000101100001010000000000110011011000000010011000000000010100000
10101001111111110011001100010000011101110101111101010000000100000001000000000000111100101011011000000000000000000000000000000000
00000000000000000000000000000000010111000000000000000000000000000000011000000000000000000000000010000000000000000000000000000000
00000000000000000000000000000000010001001111010000000101000000000011001110110111100000100001011101100000000000000000000000000000
01100000000000000000000000000000000000011000000011000010000000000000000000001110000000000000111010001100100010101001110100001000
10001000110011000000001000001000000001110111000001101110001011010110100101101111001011010011000100000100000010010000011101110000
01101111011100100111010000101101001100000011000000110001000001100000001000000000000101000001000000010100000001010000000111000000
10101000000010110000000100000010000000000000000000000000000000010000100000101011000001100000000100000100000000011000000111000000
01101110111111100000100000000000000011101100111100000010000000000000000000000000000000001111111000001010000000000000111011001111
00000101000000000000111010001100100010101001110100000111111111100000100100000000000100100000111100000001000000110110110000000000
00000000000100000000000000000000100000000000000000000000000000000000011000000000000000000000000001111100000000000000000000000000
00000000000000000000000000000000010001001111010000000101000000001101011111100010100010010001011101011100000000000000000000000000
01011100000000000000000000000000111111111111111111111111111111111111111111111111000000000001101100011011101111111111101011001001
00001000000000000100010100000000000000000100111000111011000101000000000000000000100000000001000101100111001100011100000010101000
00001011000010101100000010101000000010111111111100000000100010010000000010001001000000000011101010011000101001011100001011011000
00000001000100000000000000000001000000000000000000000000000000000000000000000000001000000100011001000001010001010100010001000110
01000100010001000100100001000011010011100100011001000001010001010100010001000011010000010100001101000001010000110100000101000011
01000001010000110100000101000011010000010100001101000001010000110100000101000010010011010000000000000000001000000000000000000001
01111100000000000000000000000000000001100000000000000000000000001000000000000000000000000000000000000000000000000000000000000000
01000100111101000000010100000000100011001000010010001101000101110110000000000000000000000000000001100000000000000000000000000000
00000001100000001100001000000000000000000000111000000000000011101000110010001010100110111110110010001000110011000000001000001000
00000111011100000110111000101101011010010110111100101101001100100000010000001001000001110111000001101111011100100111010000101101
00110000001100000011000100000110000000100000000000010100000100000001010000000101000000011100000010101000000010110000001000000010
00000000000000000000000000000001000010000010101100000110000000010000010000000001100000011100000001101110111111100000100000000000
00001110110011110000001000000000000000000000000000000000111111100000101000000000000011101100111100000101000000000000111010001100
10001010100110111110101111111110000010010000000000010010000011110000000100000011011011000000000000000000000100000000000000000000
10000000000000000000000000000000000001100000000000000000000000001000000000000000000000000000000000000000000000000000000000000000
01000100111101000000010100000000010011001100010010001101000101110110000000000000000000000000000001100000000000000000000000000000
00000001100000001100001000000000000000000000111000000000000011101000110010001010100111001110001110001000110011000000001000001000
00000111011100000110111000101101011010010110111100101101001101000000010000001001000001110111000001101111011100100111010000101101
00110000001100000011000100000110000000100000000000010100000100000001010000000101000000011100000010101000000010110000010000000010
00000000000000000000000000000001000010000010101100000110000000010000010000000001100000011100000001101110111111100000100000000000
00001110110011110000001000000000000000000000000000000000111111100000101000000000000011101100111100000101000000000000111010001100
10001010100111001110001011111110000010010000000000010010000011110000000100000011011011000000000000000000000100000000000000000000
10000000000000000000000000000000000001100000000000000000000000000111110000000000000000000000000000000000000000000000000000000000
01000100111101000000010100000000011111000101010010010101000101110101110000000000000000000000000001011100000000000000000000000000
11111111111111111111111111111111111111111111111100000000000110110001101110111111111110101100100100001000000000000100010100000000
00000000010011100011101100010101000000000000000010000000000100010110011100110000110000001010100000001011000010101100000010101000
00001011111111110000000010001001000000001000100100000000001110101001100010100101110000101101100000000001000100000000000000000001
00000000000000000000000000000000000000000000000000100000010001100100000101000101010001000100011001000100010001000100100001000011
01001110010001100100000101000101010001000100001101000001010000110100000101000011010000010100001101000001010000110100000101000011
01000001010000110100000101000011010000010100001001001101000000000000000000100000000000000000000101111100000000000000000000000000
00000110000000000000000000000000100000000000000000000000000000000000000000000000000000000000000001000100111101000000010100000000
00011111000001101001011000010111011000000000000000000000000000000110000000000000000000000000000000000001100000001100001000000000
00000000000011100000000000001110100011001000101010011101001100001000100011001100000000100000100000000111011100000110111000101101
01101001011011110010110100110011000001000000100100000111011100000110111101110010011101000010110100110000001100000011000100000110
00000010000000000001010000010000000101000000010100000001110000001010100000001011000000110000001000000000000000000000000000000001
00001000001010110000011000000001000001000000000110000001110000000110111011111110000010000000000000001110110011110000001000000000
00000000000000000000000011111110000010100000000000001110110011110000010100000000000011101000110010001010100111010010111111111110
00001001000000000001001000001111000000010000001101101100000000000000000000010000000000000000000010000000000000000000000000000000
00000110000000000000000000000000011111000000000000000000000000000000000000000000000000000000000001000100111101000000010100000000
01000010110001101010000000010111010111000000000000000000000000000101110000000000000000000000000011111111111111111111111111111111
11111111111111110000000000011011000110111011111111111010110010010000100000000000010001010000000000000000010011100011101100010110
00000000000000001000000000010001011001110010111111000000101010000000101100001010110000001010100000001011111111110000000010001001
00000000100010010000000000111010100110001010010111000010110110000000000100010000000000000000000100000000000000000000000000000000
00000000000000000010000001000110010000010100010101000100010001100100010001000100010010000100001101001110010001100100000101000101
01000100010000110100000101000011010000010100001101000001010000110100000101000011010000010100001101000001010000110100000101000011
01000001010000100100110100000000000000000010000000000000000000010111110000000000000000000000000000000110000000000000000000000000
01111100000000000000000000000000000000000000000000000000000000000100010011110100000001010000000011000001000110011010101100010111
01011011000000000000000000000000010110110000000000000000000000000000000000001110100011001000101010011101000001110000000000011011
00011011101111111111101011001001000010000000000001000101000000000000000001001101001110110001011101000000000000001000000000000110
00000000000000001100000010101000000010110000101011000000101010000000101100000001110000000100110000000000011001100011001100010000
01110111010111110000000010100000101010011111111101010000000110001111101010000001100101111001101100000000000000000000001100000000
00000000001001010000001011110000100000000011001000000111000000000000000001111000000000000000000000001000000000000000110000000000
00000001000100100000010000010001010000110000001100000000111111110000100100000000000010000011000000111000001100000011000000110000
00110000001100010100001000000000011111000000000000000000000000000000011000000000000000000000000011001000000000000000000000000000
00000000000000000000000000000000010001001111010000000101000000001111100101000000101010110001011110100101000000000000000000000000
10100101000000000000000000000000000000000001101100011011101111111111101011001001000000000000111010001100100010101001110100000111
00001000000000000100010100000000000000001001011100111110001110000000000000000000000111100000011011000110110011011100000010101000
00001011000000011100000010101000000010110000101000000000011001101100000001001100000000001010000010101001111111110011001100010000
01110111100001000101000000011000000100000000000011110011110100100000000000000000000000110000000000000000011011110000001011110000
10000000001100100000011100000000000000000111100000000000000000000000110000000000010100100000000000000001000100100000100000010010
10000011000000110000000000000000000000000000000000000000111111110000100100000000010011100000000100000000000000000100101000100010
00000000011100000111000000000001000000010000001000001000000000000000000100000000000000000000000110110000000000000000000000000000
00000000000000101100101000101110000001110011011111000101000000111001110111001011000011000001000101001100000000000001110000000000
00011110000000000001101000000001001011100000000000000000000000000000000000000000000000000000000000000000000000000000000000000000
00000000000000000000000000000000000000000000000000000000000000000000000000000000000000000000000000000000000000010000000000110011
10101011000000000000000000000000000000000000000000000000000000000000000000000000000000000000000011001000000000000000000000000000
00000110000000000000000000000000011000000000000000000000000000000000000000000000000000000000000001000100111101000000010100000000
00011001010000101010101100010111001111010000000000000000000000000011110100000000000000000000000000000000000011101000110010001010
10011101000001110000000000011011000110111011111111111010110010010000100000000000010001010000000000000000001011110011101100011000
01000000000000001000000000000110000000000000000011000000101010000000101100001010110000001010100000001011000000011100000001001100
00000000011001100011001100010000011101111000010000000000101000001010101001101110010100000001100011111010000100101001011101111101
00000000000000000000001100000000000000000000011100000010111100000000000000000000000000000000000001100000000000000000000000000000
00000110000000000000000000000000010111000000000000000000000000000000000000000000000000000000000001000100111101000000010100000000
10110111111001001010101100010111001111000000000000000000000000000011110000000000000000000000000000000000000110110001101110111111
11111010110010010000000000001110100011001000101010011101000001110000100000000000010001010000000000000000001010000011111000111001
00000000000000000001111000000110110001110011101111000000101010000000101100000001110000001010100000001011000010100000000001100110
11000000010011000000000010100000101010100110111000110011000100000111011110001011010100000001000000010000000000001111001000011011
00000000000000000000000000000000000000000000000000000000000000000101110000000000000000000000000000000110000000000000000000000000
01111100000000000000000000000000000000000000000000000000000000000100010011110100000001010000000011101101100000111010111000010111
01011011000000000000000000000000010110110000000000000000000000000000000000001110100011001000101010011101000001110000000000011011
00011011101111111111101011001001000010000000000001000101000000000000000001001101001110110001100101000000000000001000000000000110
00000000000000001100000010101000000010110000101011000000101010000000101100000001110000000100110000000000011001100011001100010000
01110111100010110000000010100000101010100110111001010000000110001111101000010010100101111001101100000000000000000000001100000000
00000000001001010000001011110000100000000011001000000111000000000000000001111001000000000000000000001000000000000000110000000000
00000001000100100000010000010001010000110000001100000000111111110000100100000000000010000011000000111000001100000011000000110000
00110000001100010100001000000000011111000000000000000000000000000000011000000000000000000000000011001000000000000000000000000000
00000000000000000000000000000000010001001111010000000101000000001101010010101011101011100001011110100101000000000000000000000000
10100101000000000000000000000000000000000001101100011011101111111111101011001001000000000000111010001100100010101001110100000111
00001000000000000100010100000000000000001001011100111110001110110000000000000000000111100000011011000110110010101100000010101000
00001011000000011100000010101000000010110000101000000000011001101100000001001100000000001010000010101010011011100011001100010000
01110111101100000101000000011000000100000000000011110011001101100000000000000000000000110000000000000000011011110000001011110000
10000000001100100000011100000000000000000111100100000000000000000000110000000000010100100000000000000001000100100000100000010010
10000011000000110000000000000000000000000000000000000000111111110000100100000000010011100000000100000000000000000100101000100010
00000000011100000111000000000001000000010000001000001000000000000000000100000000000000000000000110110000000000000000000000000000
00000000000000101100101000101110000001110011011111000101000000111001110111001011000011000001000101001100000000000001110000000000
00011110000000000001101000000001001011100000000000000000000000000000000000000000000000000000000000000000000000000000000000000000
00000000000000000000000000000000000000000000000000000000000000000000000000000000000000000000000000000000000000010000000000110011
10101011000000000000000000000000000000000000000000000000000000000000000000000000000000000000000011001000000000000000000000000000
00000110000000000000000000000000011000000000000000000000000000000000000000000000000000000000000001000100111101000000010100000000
11011111101011001010111000010111001111010000000000000000000000000011110100000000000000000000000000000000000011101000110010001010
10011101000001110000000000011011000110111011111111111010110010010000100000000000010001010000000000000000001011110011101100011010
01000000000000001000000000000110000000000000000011000000101010000000101100001010110000001010100000001011000000011100000001001100
00000000011001100011001100010000011101111011000000000000101000001010101011011101010100000001100011111001101000111001011101111101
00000000000000000000001100000000000000000000011100000010111100000000000000000000000000000000000001100000000000000000000000000000
00000110000000000000000000000000011110000000000000000000000000000000000000000000000000000000000001000100111101000000010100000000
10111110110001011010111000010111010101110000000000000000000000000101011100000000000000000000000000000000000011101000110010001010
10011101000001110000000000011011000110111011111111111010110010010000100000000000010001010000000000000000010010010011101100011011
01000000000000001000000000000110000000000000000011000000101010000000101100001010110000001010100000001011000000011100000001001100
00000000011001100011001100010000011101111011011100000000101000001010101011011101010100000001100011111001101000111001011110010111
00000000000000000000001100000000000000000010000100000010111100001000000000110010000001110000000000000000011110100000000000000000
00001000000000000000100000000000000000010001001000000100000100010100010000000001000000001111111100001001000000000000010000000001
00110010000000000000010000000000011110000000000000000000000000000000011000000000000000000000000001011100000000000000000000000000
00000000000000000000000000000000010001001111010000000101000000001011110011110101101011100001011100111100000000000000000000000000
00111100000000000000000000000000000000000001101100011011101111111111101011001001000000000000111010001100100010101001110100000111
00001000000000000100010100000000000000000010100000111110001111000000000000000000000111100000011011000111001110001100000010101000
00001011000000011100000010101000000010110000101000000000011001101100000001001100000000001010000010101010110111010011001100010000
01110111110110000101000000010000000100000000000011110001010111110000000000000000000000000000000000000000000000000000000000000000
01011100000000000000000000000000000001010000000000000000000000000110110000000000000000000000000000000000000000000000000000000000
01000100111101000000010100000000010100110010110110101111000101110000000100000000000111000000000001000011011011110111010101101110
01110100011001010111001001110011001000000111000001110010011011110111011001101001011001000110010101100100001000000110001001111001
00100000011001000111010101101101011100000110001101100001011100000000001000000000000010000000000001000100111101000000010100000000
01100000011100101111111100010110000000110000000000001000000000000100010011110100000001010000000001010011001011011010111100010111
00000100000000000000100000000000000110010000000000000000000000000000000000000000000000000000000000000101000000000000100000000000
00000000000000000000000000000000000000000000000000000000000000000000000000000000000000000000000001101100000000000000000000000000
