00001010000011010000110100001010110001000000000000000000000000000100110100111100001010110001101000000001000000000000000000000000
11111111111111111111111111111111111111111111111111111111111111110000001000000000001101100000000001001001011011100111010001100101
01101100001010000101001000101001001000000100001101101111011100100110010100101000010101000100110100101001001000000110100100110111
00101101001100110011010100110100001100000100110100100000010000110101000001010101001000000100000000100000001100110010111000110000
00110000010001110100100001111010001000000010100001110111011010010111010001101000001000000101001101010011010001010011010000101110
00110010001010010000000000000000000000110000000000101011000000000011011000110100001011010110001001101001011101000010000001010111
01101001011011100110010001101111011101110111001100100000001101110010000001010011011001010111001001110110011010010110001101100101
00100000010100000110000101100011011010110010000000110001001011000010000001100010011101010110100101101100011001000010000000110111
00110110001100000011000100000000000001000000000000110010000000000100010001110101011011010111000001100011011000010111000000100000
00101000010101110110100101110010011001010111001101101000011000010111001001101011001010010010000000110100001011100011000000101110
00110011001000000010100001110110001101000010111000110000001011100011001100101101001100000010110101100111011000110011010100110101
00110010011001100011011100110100011000110110010001100011001100100011001100101001000000000000000000000000000000000000000000000000
11000100000000000000000000000000000000010000000000000000000000001010100000000000000000000000000000000001000000000000000000000000
00000000000000000000010000000000000000100000000000110010000000000101110001000100011001010111011001101001011000110110010101011100
01001110010100000100011001011111011110110011010101000110001110010011001100111000010001010100000101000011001011010100010000110110
01000001001101110010110100110100001101110011010000110101001011010100001001000101001101100100010000101101001101010011100100110110
01000011010000110100001000110111010000100011010101000101010000100100011001111101000000000000000000000011000000000001101000000000
01011011010100000011000101011101001000000100110001101111011000110110000101101100001000000100000101110010011001010110000100100000
01000011011011110110111001101110011001010110001101110100011010010110111101101110000000000000000000001001000000000000000100000000
00000110000000000000000000000000000011000000000000101011000000000011011000110100001011010110001001101001011101000010000001010111
01101001011011100110010001101111011101110111001100100000001101110010000001010011011001010111001001110110011010010110001101100101
00100000010100000110000101100011011010110010000000110001001011000010000001100010011101010110100101101100011001000010000000110111
00110110001100000011000100000000000000000000000000000000000000001010100000000000000000000000000000000110000000000000000000000000
10000000000000000000000000000000000000000000000000000000000000000100010011110100000001010000000010110111101111110101011000010011
01100000000000000000000000000000011000000000000000000000000000000000000110000000110000100000000000000000000011100000000000001110
10001100100010101001110100001000100010001100110000000010000010000000011101110000011011100010110101101001011011110010110100110001
00000100000010010000011101110000011011110111001001110100001011010011000000110000001100010000011000000010000000000001010000010000
00010100000001010000000111000000101010000000101100000001000000100000000000000000000000000000000100001000001010110000011000000001
00000100000000011000000111000000011011101111111000001000000000000000111011001111000000100000000000000000000000000000000011111110
00001010000000000000111011001111000001010000000000001110100011001000101010011101000001111111111000001001000000000001001000001111
00000001000000110110110000000000000000000001000000000000000000001000000000000000000000000000000000000110000000000000000000000000
10000000000000000000000000000000000000000000000000000000000000000100010011110100000001010000000010001000100011000110000100010011
01100000000000000000000000000000011000000000000000000000000000000000000110000000110000100000000000000000000011100000000000001110
10001100100010101001101111101100100010001100110000000010000010000000011101110000011011100010110101101001011011110010110100110010
00000100000010010000011101110000011011110111001001110100001011010011000000110000001100010000011000000010000000000001010000010000
00010100000001010000000111000000101010000000101100000010000000100000000000000000000000000000000100001000001010110000011000000001
00000100000000011000000111000000011011101111111000001000000000000000111011001111000000100000000000000000000000000000000011111110
00001010000000000000111011001111000001010000000000001110100011001000101010011011111010111111111000001001000000000001001000001111
00000001000000110110110000000000000000000001000000000000000000001000000000000000000000000000000000000110000000000000000000000000
10000000000000000000000000000000000000000000000000000000000000000100010011110100000001010000000001011001110011010110000100010011
01100000000000000000000000000000011000000000000000000000000000000000000110000000110000100000000000000000000011100000000000001110
10001100100010101001110011100011100010001100110000000010000010000000011101110000011011100010110101101001011011110010110100110100
00000100000010010000011101110000011011110111001001110100001011010011000000110000001100010000011000000010000000000001010000010000
00010100000001010000000111000000101010000000101100000100000000100000000000000000000000000000000100001000001010110000011000000001
00000100000000011000000111000000011011101111111000001000000000000000111011001111000000100000000000000000000000000000000011111110
00001010000000000000111011001111000001010000000000001110100011001000101010011100111000101111111000001001000000000001001000001111
00000001000000110110110000000000000000000001000000000000000000001000000000000000000000000000000000000110000000000000000000000000
10000000000000000000000000000000000000000000000000000000000000000100010011110100000001010000000001010100000011000110101000010011
01100000000000000000000000000000011000000000000000000000000000000000000110000000110000100000000000000000000011100000000000001110
10001100100010101001110100110000100010001100110000000010000010000000011101110000011011100010110101101001011011110010110100110011
00000100000010010000011101110000011011110111001001110100001011010011000000110000001100010000011000000010000000000001010000010000
00010100000001010000000111000000101010000000101100000011000000100000000000000000000000000000000100001000001010110000011000000001
00000100000000011000000111000000011011101111111000001000000000000000111011001111000000100000000000000000000000000000000011111110
00001010000000000000111011001111000001010000000000001110100011001000101010011101001011111111111000001001000000000001001000001111
00000001000000110110110000000000000000000001000000000000000000001000000000000000000000000000000000000110000000000000000000000000
01100100000000000000000000000000000000000000000000000000000000000100010011110100000001010000000010111010011001101010000000010011
01000010000000000000000000000000010000100000000000000000000000000000000000001110100011001000101010011101000001110000000000011011
00011011101111111111101011001001000010000000000001000101000000000000000000110100001110011101001001000000000000001000000000000110
00000000000000001100000010101000000010110000101011000000101010000000101100000001110000000100011100000000011001101100101010100011
01001101101011010000000000000000000000000000000010000000000000100010000000000000100101111000001000000000000000000000001000000100
00000101101101000000000100000011000000110000001000000001000000010000010000000010000000000000000001100100000000000000000000000000
00000110000000000000000000000000010111000000000000000000000000000000000000000000000000000000000001000100111101000000010100000000
10111111100000111010000000010011001111000000000000000000000000000011110000000000000000000000000000000000000110110001101110111111
11111010110010010000000000001110100011001000101010011101000001110000100000000000010001010000000000000000001011000011110001011101
00000000000000000001111000000110110010010001001111000000101010000000101100000001110000001010100000001011000010100000000001100110
11000000010001110000000001001100010100101011001011001010101000110100110110101110011000000001001000010000000000001100010010111100
00000000000000000000001000000100000001011011010000000000000000000101110000000000000000000000000000000110000000000000000000000000
01011000000000000000000000000000000000000000000000000000000000000100010011110100000001010000000000001111100001001010000000010011
00110110000000000000000000000000001101100000000000000000000000000000000000001110100011001000101010011101000001110000000000011011
00011011101111111111101011001001000010000000000001000101000000000000000000101000001110011101001101000000000000001000000000000110
00000000000000001100000010101000000010110000101011000000101010000000101100000001110000000100011100000000011001101100101010100011
01001101101011100000000001001100010100101011001101010000000100001111101011110000100101110111011000000000000000000000000000000000
01011000000000000000000000000000000001100000000000000000000000000110110000000000000000000000000000000000000000000000000000000000
01000100111101000000010100000000001011111000010110100000000100110100110000000000000000000000000001001100000000000000000000000000
00000000000011101000110010001010100111010000011100000000000110110001101110111111111110101100100100001000000000000100010100000000
00000000001111100011100111010100010000000000000010000000000001100000000000000000110000001010100000001011000010101100000010101000
00001011000000011100000001000111000000000110011011001010101000110100110110101110000000000100110001010010101100110101000000011000
11111010111100001001011110001100000000000000000000000011000000000000000000010110000100011110000000000000000000000000000000001101
00000000110000010000001000000001000000001100001000000010000000010000001011000000000000010000101001101100000000000000000000000000
00000110000000000000000000000000011011000000000000000000000000000000000000000000000000000000000001000100111101000000010100000000
11110110110001011010000000010011010011000000000000000000000000000100110000000000000000000000000000000000000110110001101110111111
11111010110010010000000000001110100011001000101010011101000001110000100000000000010001010000000000000000001111100011110001011111
00000000000000000001111000000110110010001111111111000000101010000000101100000001110000001010100000001011000010100000000001100110
11000000010001110000000001001100010100101011001111001010101000110100110111000100010100000001100000010000000000001011110111111110
00000000000000000000001100000000000000000001011000010001110100000000000000001101000000000000010100000000110000010000001000000001
00000000110000100000001000000001000000101100000000000001000010100110110000000000000000000000000000000110000000000000000000000000
01110000000000000000000000000000000000000000000000000000000000000100010011110100000001010000000001000010110010001010000000010011
01001111000000000000000000000000010011110000000000000000000000000000000000001110100011001000101010011101000001110000000000011011
00011011101111111111101011001001000010000000000001000101000000000000000001000001001110011101010101000000000000001000000000000110
00000000000000001100000010101000000010110000101011000000101010000000101100000001110000000100011100000000011001101100101010100011
01001101110001000000000001001100010100101100100101010000000110001111101011011010100101111000111100000000000000000000001100000000
00000000000110010000001011110000100000000011001000000001000000000000000000000010000000000000000000001000000000000000000011110000
00000000000000000000001000000000000000100000000111100000000000000111000000000000000000000000000000000110000000000000000000000000
01110100000000000000000000000000000000000000000000000000000000000100010011110100000001010000000001011100111000011010000000010011
01010001000000000000000000000000010100010000000000000000000000000000000000011011000110111011111111111010110010010000000000001110
10001100100010101001110100000111000010000000000001000101000000000000000001000011001111000110000000000000000000000001111000000110
11001000111110011100000010101000000010110000000111000000101010000000101100001010000000000110011011000000010001110000000001001100
01010010110010011100101010100011010011011101110101010000000110000001000000000000010101011110000100000000000000000000001100000000
00000000000110110000001011110000100000000011001000000011000000000000000000000010000000000000000000001000000000000000000000000000
00000000111100000000000000000000000000100000000000000010000000001111000000000000000000000000000001110100000000000000000000000000
00000110000000000000000000000000011000000000000000000000000000000000000000000000000000000000000001000100111101000000010100000000
00111100111000101010000000010011001111010000000000000000000000000011110100000000000000000000000000000000000011101000110010001010
10011101000001110000000000011011000110111011111111111010110010010000100000000000010001010000000000000000001011110011100111010110
01000000000000001000000000000110000000000000000011000000101010000000101100001010110000001010100000001011000000011100000001000111
00000000011001101100101010100011010011011101110100000000010011000101001011100100010100000001100011111010101111111001011101111101
00000000000000000000001100000000000000000000011100000010111100000000000000000000000000000000000001100000000000000000000000000000
00000110000000000000000000000000011110000000000000000000000000000000000000000000000000000000000001000100111101000000010100000000
10001001111000111010000000010011010101110000000000000000000000000101011100000000000000000000000000000000000011101000110010001010
10011101000001110000000000011011000110111011111111111010110010010000100000000000010001010000000000000000010010010011100111010111
01000000000000001000000000000110000000000000000011000000101010000000101100001010110000001010100000001011000000011100000001000111
00000000011001101100101010100011010011011110010000000000010011000101001011100100010100000001100011111010101111111001011110010111
00000000000000000000001100000000000000000010000100000010111100001000000000110010000001110000000000000000000000110000000000000000
00001000000000000000100000000000000000010001001000000100000100010100010000000001000000001111111100001001000000000000010000000001
00110010000000000000010000000000011110000000000000000000000000000000011000000000000000000000000010101000000000000000000000000000
00000000000000000000000000000000010001001111010000000101000000001100010100100011101000010001001110000111000000000000000000000000
10000111000000000000000000000000000000000001101100011011101111111111101011001001000000000000111010001100100010101001110100000111
00001000000000000100010100000000000000000111100100111100011000010000000000000000000111100000011011001000110000101100000010101000
00001011000000011100000010101000000010110000101000000000011001101100000001000111000000000100110001010010111001001100101010100011
01001110000001010101000000011000000100000000000001001000110100110000000000000000000000110000000000000000010100010000001011110000
10000000001100100000011100000000000000000000001100000000000000000000110000000000001101000000000000000001000100100000100000010010
10000100000000010000001000000000000000000000000000000000111111110000100100000000001100000000000100110010000000000000010000000000
00101000000000000000000100000000000001000000000000000001000000000000000000000000000000010000000000000010000000000000000000000000
00000000010101100101011011111100000000011001000101111111100001000000101110111110010110110000001001010110000000000000000000000000
00000000000000000000000000000000000000000000000000000000000000000000000000000000000000000000000010101000000000000000000000000000
00000110000000000000000000000000011000000000000000000000000000000000000000000000000000000000000001000100111101000000010100000000
10101000001001001010000100010011001111010000000000000000000000000011110100000000000000000000000000000000000011101000110010001010
10011101000001110000000000011011000110111011111111111010110010010000100000000000010001010000000000000000001011110011100111011000
01000000000000001000000000000110000000000000000011000000101010000000101100001010110000001010100000001011000000011100000001000111
00000000011001101100101010100011010011100000010100000000010011000101001100110101010100000001100011111010011011101001011101111101
00000000000000000000001100000000000000000000011100000010111100000000000000000000000000000000000001100000000000000000000000000000
00000110000000000000000000000000011110000000000000000000000000000000000000000000000000000000000001000100111101000000010100000000
01110111001100001010000100010011010101110000000000000000000000000101011100000000000000000000000000000000000011101000110010001010
10011101000001110000000000011011000110111011111111111010110010010000100000000000010001010000000000000000010010010011100111011001
01000000000000001000000000000110000000000000000011000000101010000000101100001010110000001010100000001011000000011100000001000111
00000000011001101100101010100011010011100000110000000000010011000101001100110101010100000001100011111010011011101001011110010111
00000000000000000000001100000000000000000010000100000010111100001000000000110010000001110000000000000000000001000000000000000000
00001000000000000000100000000000000000010001001000000100000100010100010000000001000000001111111100001001000000000000010000000001
00110010000000000000001000000000011110000000000000000000000000000000011000000000000000000000000010101000000000000000000000000000
00000000000000000000000000000000010001001111010000000101000000000011001001100010101000010001001110000111000000000000000000000000
10000111000000000000000000000000000000000001101100011011101111111111101011001001000000000000111010001100100010101001110100000111
00001000000000000100010100000000000000000111100100111100011000100000000000000000000111100000011011001000110000011100000010101000
00001011000000011100000010101000000010110000101000000000011001101100000001000111000000000100110001010011001101011100101010100011
01001110001011010101000000011000000100000000000011010001011100110000000000000000000000110000000000000000010100010000001011110000
10000000001100100000011100000000000000000000010000000000000000000000110000000000001101000000000000000001000100100000100000010010
10000100000000010000001000000000000000000000000000000000111111110000100100000000001100000000000100110010000000000000001000000000
00101000000000000000000100000000000000100000000000000000000000000000000000000000000001010000000000001110000000000000000000000000
00000000000001100000000100001000000000000000000000000000000000000000000000000000000000000000000000000000000000000000000000000000
00000000000000000000000000000000000000000000000000000000000000000000000000000000000000000000000010101000000000000000000000000000
00000110000000000000000000000000011000000000000000000000000000000000000000000000000000000000000001000100111101000000010100000000
00010010011000111010000100010011001111010000000000000000000000000011110100000000000000000000000000000000000011101000110010001010
10011101000001110000000000011011000110111011111111111010110010010000100000000000010001010000000000000000001011110011100111011010
01000000000000001000000000000110000000000000000011000000101010000000101100001010110000001010100000001011000000011100000001000111
00000000011001101100101010100011010011100010110100000000010011000101001110000110010100000001100011111010000111011001011101111101
00000000000000000000001100000000000000000000011100000010111100000000000000000000000000000000000001100000000000000000000000000000
00000110000000000000000000000000011110000000000000000000000000000000000000000000000000000000000001000100111101000000010100000000
01000100011001101010000100010011010101110000000000000000000000000101011100000000000000000000000000000000000011101000110010001010
10011101000001110000000000011011000110111011111111111010110010010000100000000000010001010000000000000000010010010011100111011011
01000000000000001000000000000110000000000000000011000000101010000000101100001010110000001010100000001011000000011100000001000111
00000000011001101100101010100011010011100011010000000000010011000101001110000110010100000001100011111010000111011001011110010111
00000000000000000000001100000000000000000010000100000010111100001000000000110010000001110000000000000000000001010000000000000000
00001000000000000000100000000000000000010001001000000100000100010100010000000001000000001111111100001001000000000000010000000000
00010011000000000000000000000000011110000000000000000000000000000000011000000000000000000000000001011100000000000000000000000000
00000000000000000000000000000000010001001111010000000101000000000100110010001001101000010001001100111100000000000000000000000000
00111100000000000000000000000000000000000001101100011011101111111111101011001001000000000000111010001100100010101001110100000111
00001000000000000100010100000000000000000010100000111100011000110000000000000000000111100000011011001001000100011100000010101000
00001011000000011100000010101000000010110000101000000000011001101100000001000111000000000100110001010011100001101100101010100011
01001110010101010101000000010000000100000000000011011010111111110000000000000000000000000000000000000000000000000000000000000000
01011100000000000000000000000000000001100000000000000000000000000011010000000001000000000000000000000000000000000000000000000000
01000100111101000000010100000000101010101010100010100001000100110001001100000001000000000000000000010011000000010000000000000000
00000000000110110001101110111111111110101100100100000000000011101000110010001010100111010000011100001000000000000100010100000000
00000001000001010011110001100101000000000000000000011110000001101100100000110010110000001010100000001011000000011100000010101000
00001011000010100000000001100110110000000100011100000000010011000101001110000110110010101010001101001110010101010101000000011000
00010000000000000101101011011001000000000000000000000011000000000000000011011101000000101111000010000000001100100000011100000000
00000000000001010000000000000000000011000000000011000000000000000000000100010010000010000001001010000100000000010000001000000000
00000000000000000000000011111111000010010000000010111100000000000001001100000000000000000000000000100100000000000000010100000000
00000001000000000000000100000000000001000000000000000000000000000001000100000000000000000000000000000100000000000000000000000000
00000000011010100101110000000000000000000000000000000000000000000000000000000000000000000000000000000000000000000000000000000000
00000000000000000000000000000000000000100000000000000001000000000000000000000000000000000000000000000001000000000000000000000000
00000000000000000000000000000000000000000000000000000000000000000000000000000000000000000000000000000000000000000000000000000000
00000000000000000000000000000000000000000000000000000000000000000000001100000000000000100000000000001000000000000000000000000000
00000010000000000000000000000000000000000000000000000000000000000000000000000000000000000000000000000000000000000000000000000000
00001000000000000000000000000000000000001001001011010000000000000000000000000000000000000000000000000100000000000000001000000000
10000000000000000000000000000000000000100000000000000000000000000000000000000000000000000000000000000000000000000000000000000000
00000000000000000000000000000000100000000000000000000000000000000000000000000000000000000000000000000000000000000000000000000000
00000101000000000000001000000000000000000000110000000000000000000000001000000000000000000000000000000000000000000000000000000000
00000000000000000000000000000000000000000000000000000000000000000000000000001100000000000000000000000000000000000010000000000000
00000000000000000000000000000000001101000000000100000000000000000000011000000000000000000000000001100000000000000000000000000000
00000000000000000000000000000000010001001111010000000101000000001000100010101001101000010001001100111101000000000000000000000000
00111101000000000000000000000000000000000000111010001100100010101001110100000111000000000001101100011011101111111111101011001001
00001000000000000100010100000000000000000010111100111001110111000100000000000000100000000000011000000000000000001100000010101000
00001011000010101100000010101000000010110000000111000000010001110000000001100110110010101010001101001110010101010000000001001100
01010100011000110101000000011000111110010100000010010111011111010000000000000000000000110000000000000000000001110000001011110000
00000000000000000000000000000000011000000000000000000000000000000000011000000000000000000000000001110100000000000000000000000000
00000000000000000000000000000000010001001111010000000101000000000111110010101100101000010001001101010011000000000000000000000000
01010011000000000000000000000000000000000000111010001100100010101001110100000111000000000001101100011011101111111111101011001001
00001000000000000100010100000000000000000100010100111001110111010100000000000000100000000000011000000000000000001100000010101000
00001011000010101100000010101000000010110000000111000000010001110000000001100110110010101010001101001110010111000000000001001100
01010100011000110101000000011000111110010100000010010111100100110000000000000000000000110000000000000000000111010000001011110000
10000000001100100000011100000000000000000000011000000000000000000000100000000000000001000000000000000001000100100000010000010001
01000011000000010000000000001010000000000000000000000000000000000111010000000000000000000000000000000110000000000000000000000000
10010100000000000000000000000000000000000000000000000000000000000100010011110100000001010000000001010011110110111010000100010011
01110011000000000000000000000000011100110000000000000000000000000000000000011011000110111011111111111010110010010000000000001110
10001100100010101001110100000111000010000000000001000101000000000000000001100101001111000110011000000000000000000001111000000110
11001000110100011100000010101000000010110000000111000000101010000000101100001010000000000110011011000000010001110000000001001100
01010100011000111100101010100011010011100111100101010000000110000001000000000000001011111101110100000000000000000000001100000000
00000000001111010000001011110000100000000011001000000111000000000000000000000110000000000000000000001100000000000010000000000000
00000001000100100000100000010010100000110000000100000000000000000000000000000000000000001111111100001001000000000001110000110000
00111000000000000000000100110000010001010000000000000101001100000100001100000000000000010011000001000001000000000000001100110000
01000010000000000000111000110000010001000000000001001100001100000100011000000000000011000000000010010100000000000000000000000000
00000110000000000000000000000000011000000000000000000000000000000000000000000000000000000000000001000100111101000000010100000000
00111010110111001010000100010011001111010000000000000000000000000011110100000000000000000000000000000000000011101000110010001010
10011101000001110000000000011011000110111011111111111010110010010000100000000000010001010000000000000000001011110011100111011110
01000000000000001000000000000110000000000000000011000000101010000000101100001010110000001010100000001011000000011100000001000111
00000000011001101100101010100011010011100111100100000000010011000101010010100000010100000001100011111001000000111001011101111101
00000000000000000000001100000000000000000000011100000010111100000000000000000000000000000000000001100000000000000000000000000000
00000101000000000000000000000000011011000000000000000000000000000000000000000000000000000000000001000100111101000000010100000000
11101010110101101010001100010011000000010000000000011100000000000100001101101111011101010110111001110100011001010111001001110011
00100000011100000111001001101111011101100110100101100100011001010110010000100000011000100111100100100000011001000111010101101101
01110000011000110110000101110000000000100000000000001000000000000100010011110100000001010000000001010000111010010100111100010011
00000011000000000000100000000000010001001111010000000101000000001110101011010110101000110001001100000100000000000000100000000000
00011001000000000000000000000000000000000000000000000000000000000000010100000000000010000000000000000000000000000000000000000000
