00001010000011010000110100001010110001000000000000000000000000000100110100111100001010110001101000000001000000000000000000000000
11111111111111111111111111111111111111111111111111111111111111110000001000000000001101100000000001001001011011100111010001100101
01101100001010000101001000101001001000000100001101101111011100100110010100101000010101000100110100101001001000000110100100110111
00101101001100110011010100110100001100000100110100100000010000110101000001010101001000000100000000100000001100110010111000110000
00110000010001110100100001111010001000000010100001110111011010010111010001101000001000000101001101010011010001010011010000101110
00110010001010010000000000000000000000110000000000101011000000000011011000110100001011010110001001101001011101000010000001010111
01101001011011100110010001101111011101110111001100100000001101110010000001010011011001010111001001110110011010010110001101100101
00100000010100000110000101100011011010110010000000110001001011000010000001100010011101010110100101101100011001000010000000110111
00110110001100000011000100000000000001000000000000110010000000000100010001110101011011010111000001100011011000010111000000100000
00101000010101110110100101110010011001010111001101101000011000010111001001101011001010010010000000110100001011100011000000101110
00110011001000000010100001110110001101000010111000110000001011100011001100101101001100000010110101100111011000110011010100110101
00110010011001100011011100110100011000110110010001100011001100100011001100101001000000000000000000000000000000000000000000000000
11000100000000000000000000000000000000010000000000000000000000001010100000000000000000000000000000000001000000000000000000000000
00000000000000000000010000000000000000100000000000110010000000000101110001000100011001010111011001101001011000110110010101011100
01001110010100000100011001011111011110110011010101000110001110010011001100111000010001010100000101000011001011010100010000110110
01000001001101110010110100110100001101110011010000110101001011010100001001000101001101100100010000101101001101010011100100110110
01000011010000110100001000110111010000100011010101000101010000100100011001111101000000000000000000000011000000000001101000000000
01011011010100000011000101011101001000000100110001101111011000110110000101101100001000000100000101110010011001010110000100100000
01000011011011110110111001101110011001010110001101110100011010010110111101101110000000000000000000001001000000000000000100000000
00000110000000000000000000000000000011000000000000101011000000000011011000110100001011010110001001101001011101000010000001010111
01101001011011100110010001101111011101110111001100100000001101110010000001010011011001010111001001110110011010010110001101100101
00100000010100000110000101100011011010110010000000110001001011000010000001100010011101010110100101101100011001000010000000110111
00110110001100000011000100000000000000000000000000000000000000001010100000000000000000000000000000000110000000000000000000000000
11011100000000000000000000000000000000000000000000000000000000000100010011110100000001010000000010100001011110010100000000010001
10111001000000000000000000000000101110010000000000000000000000000000000110000000110000100000000000000000000011100000000000011011
00011011101111111111101011001001100010001100110000000010000010000000011101110000011000110111001100110111001011010111000001100011
00000100000010010000011101110000011011110111001001110100001011010011000000110000001100010000011000000010000000000001010000001010
00000111010100000100001101010011001101110010110101010000010000110000110001001000010100110100100101000101010011010100010101001110
01010011001000000100000101000111001000000101001101001001010011010100000101010100010010010100001100100000010001100110100101100101
01101100011001000010000001010000010001110010000001001101001101000010110000110110010001010101001100110111001101110011000100110110
00101101001100100100001101000001001100010011000000101101001100000100001101000010001101000010110001000110001101010011100100110101
00110011001101100011011100111000001000000010101100100000011001010110111001100111011010010110111001100101011001010111001001101001
01101110011001110000111000000100000000001000000000000000100000000001000000010100000001010000000100000000000000000000000000000000
00000010000000000000000000000000000000010000100000101011000001100000000100000100000000011000000111000000011011101111111000001000
00000000000011101100111100000010000000000000000000000000000000001111111000001010000000000000111011001111000001010000000000011011
00011011101111111111101011001001111111100000100100000000000100100000111100000001000000111110110000000011000000000001111000000000
00000000000000000000000000000000110111000000000000000000000000000000011000000000000000000000000010000000000000000000000000000000
00000000000000000000000000000000010001001111010000000101000000001011110111000001010000000001000101100000000000000000000000000000
01100000000000000000000000000000000000011000000011000010000000000000000000001110000000000000111010001100100010101001110100001000
10001000110011000000001000001000000001110111000001101110001011010110100101101111001011010011000100000100000010010000011101110000
01101111011100100111010000101101001100000011000000110001000001100000001000000000000101000001000000010100000001010000000111000000
10101000000010110000000100000010000000000000000000000000000000010000100000101011000001100000000100000100000000011000000111000000
01101110111111100000100000000000000011101100111100000010000000000000000000000000000000001111111000001010000000000000111011001111
00000101000000000000111010001100100010101001110100000111111111100000100100000000000100100000111100000001000000110110110000000000
00000000000100000000000000000000100000000000000000000000000000000000011000000000000000000000000010000000000000000000000000000000
00000000000000000000000000000000010001001111010000000101000000000111000010001110010010110001000101100000000000000000000000000000
01100000000000000000000000000000000000011000000011000010000000000000000000001110000000000000111010001100100010101001101111101100
10001000110011000000001000001000000001110111000001101110001011010110100101101111001011010011001000000100000010010000011101110000
01101111011100100111010000101101001100000011000000110001000001100000001000000000000101000001000000010100000001010000000111000000
10101000000010110000001000000010000000000000000000000000000000010000100000101011000001100000000100000100000000011000000111000000
01101110111111100000100000000000000011101100111100000010000000000000000000000000000000001111111000001010000000000000111011001111
00000101000000000000111010001100100010101001101111101011111111100000100100000000000100100000111100000001000000110110110000000000
00000000000100000000000000000000100000000000000000000000000000000000011000000000000000000000000010000000000000000000000000000000
00000000000000000000000000000000010001001111010000000101000000000101011111001111010010110001000101100000000000000000000000000000
01100000000000000000000000000000000000011000000011000010000000000000000000001110000000000000111010001100100010101001110011100011
10001000110011000000001000001000000001110111000001101110001011010110100101101111001011010011010000000100000010010000011101110000
01101111011100100111010000101101001100000011000000110001000001100000001000000000000101000001000000010100000001010000000111000000
10101000000010110000010000000010000000000000000000000000000000010000100000101011000001100000000100000100000000011000000111000000
01101110111111100000100000000000000011101100111100000010000000000000000000000000000000001111111000001010000000000000111011001111
00000101000000000000111010001100100010101001110011100010111111100000100100000000000100100000111100000001000000110110110000000000
00000000000100000000000000000000100000000000000000000000000000000000011000000000000000000000000010000000000000000000000000000000
00000000000000000000000000000000010001001111010000000101000000001000001100001101010101000001000101100000000000000000000000000000
01100000000000000000000000000000000000011000000011000010000000000000000000001110000000000000111010001100100010101001110100110000
10001000110011000000001000001000000001110111000001101110001011010110100101101111001011010011001100000100000010010000011101110000
01101111011100100111010000101101001100000011000000110001000001100000001000000000000101000001000000010100000001010000000111000000
10101000000010110000001100000010000000000000000000000000000000010000100000101011000001100000000100000100000000011000000111000000
01101110111111100000100000000000000011101100111100000010000000000000000000000000000000001111111000001010000000000000111011001111
00000101000000000000111010001100100010101001110100101111111111100000100100000000000100100000111100000001000000110110110000000000
00000000000100000000000000000000100000000000000000000000000000000000011000000000000000000000000001001100000000000000000000000000
00000000000000000000000000000000010001001111010000000101000000001110010100111100010111010001000100101010000000000000000000000000
00101010000000000000000000000000111111111111111111111111111111111111111111111111000000000001101100011011101111111111101011001001
00001000000001100000000000000001000010000000000000000110000001000000000000000001000000000001101100011011101111111111101011001001
11000000101010000000101100001010000000000000000000000000000000000000000000000000110000001010100000001011000000010000000000000000
01001100000000000000000000000000000001100000000000000000000000000101110000000000000000000000000000000000000000000000000000000000
01000100111101000000010100000000011110100100010101011101000100010011110000000000000000000000000000111100000000000000000000000000
00000000000110110001101110111111111110101100100100000000000011101000110010001010100111010000011100001000000001100000000000000001
00001000000000000000011000000100000000000000001000000000000011101000110010001010100111010000011111000000101010000000101100000001
00000000000110110001101110111111111110101100100111000000101010000000101100001010000000000000000000000000000000000000000000000000
00000000000000000000000000000000000000000000000000000000000000000000000000000000000000000000000001011100000000000000000000000000
00000110000000000000000000000000011001000000000000000000000000000000000000000000000000000000000001000100111101000000010100000000
10100000010001010101110100010001010000100000000000000000000000000100001000000000000000000000000000000000000011101000110010001010
10011101000001110000000000011011000110111011111111111010110010010000100000000000010001010000000000000000001101000011100110101111
01000000000000001000000000000110000000000000000011000000101010000000101100001010110000001010100000001011000000011100000001000110
00000000011001100100101011011000100111100011001000000000000000000000000000000000100000000000001000100000000000001001011110000010
00000000000000000000001000000100000001011011010000000001000000110000001100000010000000010000000100000100000000100000000000000000
01100100000000000000000000000000000001100000000000000000000000000101110000000000000000000000000000000000000000000000000000000000
01000100111101000000010100000000000000110101010101011101000100010011110000000000000000000000000000111100000000000000000000000000
00000000000110110001101110111111111110101100100100000000000011101000110010001010100111010000011100001000000000000100010100000000
00000000001011000011101110101110000000000000000000011110000001101100100111000010110000001010100000001011000000011100000010101000
00001011000010100000000001100110110000000100011000000000000000001111101001111111010010101101100010011110001100110110000000010010
00010000000000000100110010000010000000000000000000000010000001000000010110110100000000000000000001011100000000000000000000000000
00000110000000000000000000000000010110000000000000000000000000000000000000000000000000000000000001000100111101000000010100000000
01101001010101010101110100010001001101100000000000000000000000000011011000000000000000000000000000000000000011101000110010001010
10011101000001110000000000011011000110111011111111111010110010010000100000000000010001010000000000000000001010000011100110110000
01000000000000001000000000000110000000000000000011000000101010000000101100001010110000001010100000001011000000011100000001000110
00000000011001100100101011011000100111100011001100000000000000001111101010000000010100000001000011111010111100001001011101110110
00000000000000000000000000000000010110000000000000000000000000000000011000000000000000000000000001101100000000000000000000000000
00000000000000000000000000000000010001001111010000000101000000000001110101010111010111010001000101001100000000000000000000000000
01001100000000000000000000000000000000000000111010001100100010101001110100000111000000000001101100011011101111111111101011001001
00001000000000000100010100000000000000000011111000111001101100010100000000000000100000000000011000000000000000001100000010101000
00001011000010101100000010101000000010110000000111000000010001100000000001100110010010101101100010011110001100110000000000000000
11111010100000000101000000011000111110101111000010010111100011000000000000000000000000110000000000000000000101100001000111100000
00000000000000000000000000001100000000001100000100000010000000010000000011000010000000100000000100000010110000000000000100001010
01101100000000000000000000000000000001100000000000000000000000000110110000000000000000000000000000000000000000000000000000000000
01000100111101000000010100000000000000000111110001011101000100010100110000000000000000000000000001001100000000000000000000000000
00000000000110110001101110111111111110101100100100000000000011101000110010001010100111010000011100001000000000000100010100000000
00000000001111100011101110101111000000000000000000011110000001101100100110101111110000001010100000001011000000011100000010101000
00001011000010100000000001100110110000000100011000000000000000001111101010000000010010101101100010011110010010010101000000011000
00010000000000000100010111000101000000000000000000000011000000000000000000010110000100011101000000000000000011000000000000000101
00000000110000010000001000000001000000001100001000000010000000010000001011000000000000010000101001101100000000000000000000000000
00000110000000000000000000000000011100000000000000000000000000000000000000000000000000000000000001000100111101000000010100000000
00110010011111100101110100010001010011110000000000000000000000000100111100000000000000000000000000000000000011101000110010001010
10011101000001110000000000011011000110111011111111111010110010010000100000000000010001010000000000000000010000010011100110110010
01000000000000001000000000000110000000000000000011000000101010000000101100001010110000001010100000001011000000011100000001000110
00000000011001100100101011011000100111100100100100000000000000001111101010010110010100000001100011111010110110101001011110001111
00000000000000000000001100000000000000000001100100000010111100001000000000110010000000010000000000000000000000100000000000000000
00001000000000000000000011110000000000000000000000000010000000000000001000000001111000000000000001110000000000000000000000000000
00000110000000000000000000000000011101000000000000000000000000000000000000000000000000000000000001000100111101000000010100000000
10000110100101110101110100010001010100010000000000000000000000000101000100000000000000000000000000000000000110110001101110111111
11111010110010010000000000001110100011001000101010011101000001110000100000000000010001010000000000000000010000110011101110110000
00000000000000000001111000000110110010011010100111000000101010000000101100000001110000001010100000001011000010100000000001100110
11000000010001100000000000000000111110101001011001001010110110001001111001100010010100000001100000010000000000001101110110100110
00000000000000000000001100000000000000000001101100000010111100001000000000110010000000110000000000000000000000100000000000000000
00001000000000000000000000000000000000001111000000000000000000000000001000000000000000100000000011110000000000000000000000000000
01110100000000000000000000000000000001100000000000000000000000000110000000000000000000000000000000000000000000000000000000000000
01000100111101000000010100000000101010111001100001011101000100010011110100000000000000000000000000111101000000000000000000000000
00000000000011101000110010001010100111010000011100000000000110110001101110111111111110101100100100001000000000000100010100000000
00000000001011110011100110110011010000000000000010000000000001100000000000000000110000001010100000001011000010101100000010101000
00001011000000011100000001000110000000000110011001001010110110001001111001100010000000000000000011111010101100010101000000011000
11111010101111111001011101111101000000000000000000000011000000000000000000000111000000101111000000000000000000000000000000000000
01100000000000000000000000000000000001100000000000000000000000000111100000000000000000000000000000000000000000000000000000000000
01000100111101000000010100000000010101011001101001011101000100010101011100000000000000000000000001010111000000000000000000000000
00000000000011101000110010001010100111010000011100000000000110110001101110111111111110101100100100001000000000000100010100000000
00000000010010010011100110110100010000000000000010000000000001100000000000000000110000001010100000001011000010101100000010101000
00001011000000011100000001000110000000000110011001001010110110001001111001101001000000000000000011111010101100010101000000011000
11111010101111111001011110010111000000000000000000000011000000000000000000100001000000101111000010000000001100100000011100000000
00000000000000110000000000000000000010000000000000001000000000000000000100010010000001000001000101000100000000010000000011111111
00001001000000000000010000000001001100100000000000000100000000000111100000000000000000000000000000000110000000000000000000000000
01011100000000000000000000000000000000000000000000000000000000000100010011110100000001010000000010001000110000100101110100010001
00111100000000000000000000000000001111000000000000000000000000000000000000011011000110111011111111111010110010010000000000001110
10001100100010101001110100000111000010000000000001000101000000000000000000101000001110111011000100000000000000000001111000000110
11001001110000111100000010101000000010110000000111000000101010000000101100001010000000000110011011000000010001100000000000000000
11111010101100010100101011011000100111101000101001010000000100000001000000000000011000111011011100000000000000000000000000000000
00000000000000000000000000000000010111000000000000000000000000000000011000000000000000000000000010101000000000000000000000000000
00000000000000000000000000000000010001001111010000000101000000001100001011011101010111010001000110000111000000000000000000000000
10000111000000000000000000000000000000000001101100011011101111111111101011001001000000000000111010001100100010101001110100000111
00001000000000000100010100000000000000000111100100111011101100110000000000000000000111100000011011001001011100001100000010101000
00001011000000011100000010101000000010110000101000000000011001101100000001000110000000000000000011111010101100010100101011011000
10011110100010100101000000011000000100000000000010010010100001010000000000000000000000110000000000000000010100010000001011110000
10000000001100100000011100000000000000000000001100000000000000000000110000000000001101000000000000000001000100100000100000010010
10000100000000010000001000000000000000000000000000000000111111110000100100000000001100000000000100110010000000000000010000000000
00101000000000000000000100000000000001000000000000000001000000000000000000000000000000010000000000000010000000000000000000000000
00000000010101100101011011111100000000011001000101111111100000100000101111010011100110010000001001010110000000000000000000000000
00000000000000000000000000000000000000000000000000000000000000000000000000000000000000000000000010101000000000000000000000000000
00000110000000000000000000000000011000000000000000000000000000000000000000000000000000000000000001000100111101000000010100000000
10110011110111100101110100010001001111010000000000000000000000000011110100000000000000000000000000000000000011101000110010001010
10011101000001110000000000011011000110111011111111111010110010010000100000000000010001010000000000000000001011110011100110110101
01000000000000001000000000000110000000000000000011000000101010000000101100001010110000001010100000001011000000011100000001000110
00000000011001100100101011011000100111101000101000000000000000001111101100000010010100000001100011111010011011101001011101111101
00000000000000000000001100000000000000000000011100000010111100000000000000000000000000000000000001100000000000000000000000000000
00000110000000000000000000000000011110000000000000000000000000000000000000000000000000000000000001000100111101000000010100000000
11110111111010110101110100010001010101110000000000000000000000000101011100000000000000000000000000000000000011101000110010001010
10011101000001110000000000011011000110111011111111111010110010010000100000000000010001010000000000000000010010010011100110110110
01000000000000001000000000000110000000000000000011000000101010000000101100001010110000001010100000001011000000011100000001000110
00000000011001100100101011011000100111101001000100000000000000001111101100000010010100000001100011111010011011101001011110010111
00000000000000000000001100000000000000000010000100000010111100001000000000110010000001110000000000000000000001000000000000000000
00001000000000000000100000000000000000010001001000000100000100010100010000000001000000001111111100001001000000000000010000000001
00110010000000000000001000000000011110000000000000000000000000000000011000000000000000000000000010101000000000000000000000000000
00000000000000000000000000000000010001001111010000000101000000001110011000011111010111100001000110000111000000000000000000000000
10000111000000000000000000000000000000000001101100011011101111111111101011001001000000000000111010001100100010101001110100000111
00001000000000000100010100000000000000000111100100111011101101000000000000000000000111100000011011001001011011111100000010101000
00001011000000011100000010101000000010110000101000000000011001101100000001000110000000000000000011111011000000100100101011011000
10011110101100100101000000011000000100000000000001011001001110010000000000000000000000110000000000000000010100010000001011110000
10000000001100100000011100000000000000000000010000000000000000000000110000000000001101000000000000000001000100100000100000010010
10000100000000010000001000000000000000000000000000000000111111110000100100000000001100000000000100110010000000000000001000000000
00101000000000000000000100000000000000100000000000000000000000000000000000000000000001010000000000001110000000000000000000000000
00000000000001100000000100001000000000000000000000000000000000000000000000000000000000000000000000000000000000000000000000000000
00000000000000000000000000000000000000000000000000000000000000000000000000000000000000000000000010101000000000000000000000000000
00000110000000000000000000000000011000000000000000000000000000000000000000000000000000000000000001000100111101000000010100000000
10111110001000000101111000010001001111010000000000000000000000000011110100000000000000000000000000000000000011101000110010001010
10011101000001110000000000011011000110111011111111111010110010010000100000000000010001010000000000000000001011110011100110110111
01000000000000001000000000000110000000000000000011000000101010000000101100001010110000001010100000001011000000011100000001000110
00000000011001100100101011011000100111101011001000000000000000001111101101010011010100000001100011111010000111011001011101111101
00000000000000000000001100000000000000000000011100000010111100000000000000000000000000000000000001100000000000000000000000000000
00000110000000000000000000000000011110000000000000000000000000000000000000000000000000000000000001000100111101000000010100000000
11010011001001010101111000010001010101110000000000000000000000000101011100000000000000000000000000000000000011101000110010001010
10011101000001110000000000011011000110111011111111111010110010010000100000000000010001010000000000000000010010010011100110111000
01000000000000001000000000000110000000000000000011000000101010000000101100001010110000001010100000001011000000011100000001000110
00000000011001100100101011011000100111101011100100000000000000001111101101010011010100000001100011111010000111011001011110010111
00000000000000000000001100000000000000000010000100000010111100001000000000110010000001110000000000000000000001010000000000000000
00001000000000000000100000000000000000010001001000000100000100010100010000000001000000001111111100001001000000000000010000000000
00010011000000000000000000000000011110000000000000000000000000000000011000000000000000000000000000110100000000010000000000000000
00000000000000000000000000000000010001001111010000000101000000001010101001011110010111100001000100010011000000010000000000000000
00010011000000010000000000000000000000000001101100011011101111111111101011001001000000000000111010001100100010101001110100000111
00001000000000000100010100000000000000010000010100111011101101010000000000000000000111100000011011001000111000101100000010101000
00001011000000011100000010101000000010110000101000000000011001101100000001000110000000000000000011111011010100110100101011011000
10011110110110100101000000011000000100000000000001101000100111110000000000000000000000110000000000000000110111010000001011110000
10000000001100100000011100000000000000000000010100000000000000000000110000000000110000000000000000000001000100100000100000010010
10000100000000010000001000000000000000000000000000000000111111110000100100000000101111000000000000010011000000000000000000000000
00100100000000000000010100000000000000010000000000000001000000000000010000000000000000000000000000010001000000000000000000000000
00000100000000000000000000000000000000000110101000110010000000000000000000000000000000000000000000000000000000000000000000000000
00000000000000000000000000000000000000000000000000000000000000000000001000000000000000010000000000000000000000000000000000000000
00000001000000000000000000000000000000000000000000000000000000000000000000000000000000000000000000000000000000000000000000000000
00000000000000000000000000000000000000000000000000000000000000000000000000000000000000000000000000000011000000000000001000000000
00001000000000000000000000000000000000100000000000000000000000000000000000000000000000000000000000000000000000000000000000000000
00000000000000000000000000000000000010000000000000000000000000000000000010010010011101000000000000000000000000000000000000000000
00000100000000000000001000000000100000000000000000000000000000000000001000000000000000000000000000000000000000000000000000000000
00000000000000000000000000000000000000000000000000000000000000001000000000000000000000000000000000000000000000000000000000000000
00000000000000000000000000000000000001010000000000000010000000000000000000001100000000000000000000000010000000000000000000000000
00000000000000000000000000000000000000000000000000000000000000000000000000000000000000000000000000000000000011000000000000000000
00000000000000000010000000000000000000000000000000000000000000000011010000000001000000000000000000000110000000000000000000000000
01100000000000000000000000000000000000000000000000000000000000000100010011110100000001010000000010011110010111110101111000010001
00111101000000000000000000000000001111010000000000000000000000000000000000001110100011001000101010011101000001110000000000011011
00011011101111111111101011001001000010000000000001000101000000000000000000101111001110011011100101000000000000001000000000000110
00000000000000001100000010101000000010110000101011000000101010000000101100000001110000000100011000000000011001100100101011011000
10011110110110100000000000000000111111000011000001010000000110001111100101000000100101110111110100000000000000000000001100000000
00000000000001110000001011110000000000000000000000000000000000000110000000000000000000000000000000000101000000000000000000000000
01101100000000000000000000000000000000000000000000000000000000000100010011110100000001010000000010110101001010110110000000010001
00000001000000000001110000000000010000110110111101110101011011100111010001100101011100100111001100100000011100000111001001101111
01110110011010010110010001100101011001000010000001100010011110010010000001100100011101010110110101110000011000110110000101110000
00000010000000000000100000000000010001001111010000000101000000001010110010010011001011100001000100000011000000000000100000000000
01000100111101000000010100000000101101010010101101100000000100010000010000000000000010000000000000011001000000000000000000000000
00000000000000000000000000000000000001010000000000001000000000000000000000000000000000000000000000000000000000000000000000000000
