00001010000011010000110100001010110001000000000000000000000000000100110100111100001010110001101000000001000000000000000000000000
11111111111111111111111111111111111111111111111111111111111111110000001000000000001101100000000001001001011011100111010001100101
01101100001010000101001000101001001000000100001101101111011100100110010100101000010101000100110100101001001000000110100100110111
00101101001100110011010100110100001100000100110100100000010000110101000001010101001000000100000000100000001100110010111000110000
00110000010001110100100001111010001000000010100001110111011010010111010001101000001000000101001101010011010001010011010000101110
00110010001010010000000000000000000000110000000000101011000000000011011000110100001011010110001001101001011101000010000001010111
01101001011011100110010001101111011101110111001100100000001101110010000001010011011001010111001001110110011010010110001101100101
00100000010100000110000101100011011010110010000000110001001011000010000001100010011101010110100101101100011001000010000000110111
00110110001100000011000100000000000001000000000000110010000000000100010001110101011011010111000001100011011000010111000000100000
00101000010101110110100101110010011001010111001101101000011000010111001001101011001010010010000000110100001011100011000000101110
00110011001000000010100001110110001101000010111000110000001011100011001100101101001100000010110101100111011000110011010100110101
00110010011001100011011100110100011000110110010001100011001100100011001100101001000000000000000000000000000000000000000000000000
11000100000000000000000000000000000000010000000000000000000000001010100000000000000000000000000000000001000000000000000000000000
00000000000000000000010000000000000000100000000000110010000000000101110001000100011001010111011001101001011000110110010101011100
01001110010100000100011001011111011110110011010101000110001110010011001100111000010001010100000101000011001011010100010000110110
01000001001101110010110100110100001101110011010000110101001011010100001001000101001101100100010000101101001101010011100100110110
01000011010000110100001000110111010000100011010101000101010000100100011001111101000000000000000000000011000000000001101000000000
01011011010100000011000101011101001000000100110001101111011000110110000101101100001000000100000101110010011001010110000100100000
01000011011011110110111001101110011001010110001101110100011010010110111101101110000000000000000000001001000000000000000100000000
00000110000000000000000000000000000011000000000000101011000000000011011000110100001011010110001001101001011101000010000001010111
01101001011011100110010001101111011101110111001100100000001101110010000001010011011001010111001001110110011010010110001101100101
00100000010100000110000101100011011010110010000000110001001011000010000001100010011101010110100101101100011001000010000000110111
00110110001100000011000100000000000000000000000000000000000000001010100000000000000000000000000000000110000000000000000000000000
11011100000000000000000000000000000000000000000000000000000000000100001111110100000001010000000000011010101000110001011111000010
10111001000000000000000000000000101110010000000000000000000000000000000110000000110000100000000000000000000011100000000000011011
00011011101111111111101011001001100010001100110000000010000010000000011101110000011000110111001100110111001011010111000001100011
00000100000010010000011101110000011011110111001001110100001011010011000000110000001100010000011000000010000000000001010000001010
00000111010100000100001101010011001101110010110101010000010000110000110001001000010100110100100101000101010011010100010101001110
01010011001000000100000101000111001000000101001101001001010011010100000101010100010010010100001100100000010001100110100101100101
01101100011001000010000001010000010001110010000001001101001101000010110000110110010001010101001100110111001101110011000100110110
00101101001100100100001101000001001100010011000000101101001100000100001101000010001101000010110001000110001101010011100100110101
00110011001101100011011100111000001000000010101100100000011001010110111001100111011010010110111001100101011001010111001001101001
01101110011001110000111000000100000000001000000000000000100000000001000000010100000001010000000100000000000000000000000000000000
00000010000000000000000000000000000000010000100000101011000001100000000100000100000000011000000111000000011011101111111000001000
00000000000011101100111100000010000000000000000000000000000000001111111000001010000000000000111011001111000001010000000000011011
00011011101111111111101011001001111111100000100100000000000100100000111100000001000000111110110000000011000000000001111000000000
00000000000000000000000000000000110111000000000000000000000000000000011000000000000000000000000010000000000000000000000000000000
00000000000000000000000000000000010000111111010000000101000000000001100001110000010010011100001001100000000000000000000000000000
01100000000000000000000000000000000000011000000011000010000000000000000000001110000000000000111010001100100010101001110100001000
10001000110011000000001000001000000001110111000001101110001011010110100101101111001011010011000100000100000010010000011101110000
01101111011100100111010000101101001100000011000000110001000001100000001000000000000101000001000000010100000001010000000111000000
10101000000010110000000100000010000000000000000000000000000000010000100000101011000001100000000100000100000000011000000111000000
01101110111111100000100000000000000011101100111100000010000000000000000000000000000000001111111000001010000000000000111011001111
00000101000000000000111010001100100010101001110100000111111111100000100100000000000100100000111100000001000000110110110000000000
00000000000100000000000000000000100000000000000000000000000000000000011000000000000000000000000010000000000000000000000000000000
00000000000000000000000000000000010000111111010000000101000000000011101000101111010101001100001001100000000000000000000000000000
01100000000000000000000000000000000000011000000011000010000000000000000000001110000000000000111010001100100010101001101111101100
10001000110011000000001000001000000001110111000001101110001011010110100101101111001011010011001000000100000010010000011101110000
01101111011100100111010000101101001100000011000000110001000001100000001000000000000101000001000000010100000001010000000111000000
10101000000010110000001000000010000000000000000000000000000000010000100000101011000001100000000100000100000000011000000111000000
01101110111111100000100000000000000011101100111100000010000000000000000000000000000000001111111000001010000000000000111011001111
00000101000000000000111010001100100010101001101111101011111111100000100100000000000100100000111100000001000000110110110000000000
00000000000100000000000000000000100000000000000000000000000000000000011000000000000000000000000010000000000000000000000000000000
00000000000000000000000000000000010000111111010000000101000000000111110010001101010101001100001001100000000000000000000000000000
01100000000000000000000000000000000000011000000011000010000000000000000000001110000000000000111010001100100010101001110011100011
10001000110011000000001000001000000001110111000001101110001011010110100101101111001011010011010000000100000010010000011101110000
01101111011100100111010000101101001100000011000000110001000001100000001000000000000101000001000000010100000001010000000111000000
10101000000010110000010000000010000000000000000000000000000000010000100000101011000001100000000100000100000000011000000111000000
01101110111111100000100000000000000011101100111100000010000000000000000000000000000000001111111000001010000000000000111011001111
00000101000000000000111010001100100010101001110011100010111111100000100100000000000100100000111100000001000000110110110000000000
00000000000100000000000000000000100000000000000000000000000000000000011000000000000000000000000010000000000000000000000000000000
00000000000000000000000000000000010000111111010000000101000000001011000110011111010111001100001001100000000000000000000000000000
01100000000000000000000000000000000000011000000011000010000000000000000000001110000000000000111010001100100010101001110100110000
10001000110011000000001000001000000001110111000001101110001011010110100101101111001011010011001100000100000010010000011101110000
01101111011100100111010000101101001100000011000000110001000001100000001000000000000101000001000000010100000001010000000111000000
10101000000010110000001100000010000000000000000000000000000000010000100000101011000001100000000100000100000000011000000111000000
01101110111111100000100000000000000011101100111100000010000000000000000000000000000000001111111000001010000000000000111011001111
00000101000000000000111010001100100010101001110100101111111111100000100100000000000100100000111100000001000000110110110000000000
00000000000100000000000000000000100000000000000000000000000000000000011000000000000000000000000011011100000000000000000000000000
00000000000000000000000000000000010000111111010000000101000000000000010010110110100100011100001010111001000000000000000000000000
10111001000000000000000000000000000000011000000011000010000000000000000000001110000000000001101100011011101111111111101011001001
10001000110011000000001000001000000001110111000001100011011100110011011100101101011100000110001100000100000010010000011101110000
01101111011100100111010000101101001100000011000000110001000001100000001000000000000101000000101000000111010100000100001101010011
00110111001011010101000001000011000011000100100001010011010010010100010101001101010001010100111001010011001000000100000101000111
00100000010100110100100101001101010000010101010001001001010000110010000001000110011010010110010101101100011001000010000001010000
01000111001000000100110100110100001011000011011001000101010100110011011100110111001100010011011000101101001100100100001101000001
00110001001100000010110100110000010000110100001000110100001011000100011000110101001110010011010100110011001101100011011100111000
00100000001010110010000001100101011011100110011101101001011011100110010101100101011100100110100101101110011001110000111000000100
00000000100000000000000010000000000100000001010000000101000000010000000000000000000000000000000000000010000000000000000000000000
00000001000010000010101100000110000000010000010000000001100000011100000001101110111111100000100000000000000011101100111100000010
00000000000000000000000000000000111111100000101000000000000011101100111100000101000000000001101100011011101111111111101011001001
11111110000010010000000000010010000011110000000100000011111011000000001100000000000111100000000000000000000000000000000000000000
11011100000000000000000000000000000001100000000000000000000000001000000000000000000000000000000000000000000000000000000000000000
01000011111101000000010100000000100100011011100010010101110000100110000000000000000000000000000001100000000000000000000000000000
00000001100000001100001000000000000000000000111000000000000011101000110010001010100111010000100010001000110011000000001000001000
00000111011100000110111000101101011010010110111100101101001100010000010000001001000001110111000001101111011100100111010000101101
00110000001100000011000100000110000000100000000000010100000100000001010000000101000000011100000010101000000010110000000100000010
00000000000000000000000000000001000010000010101100000110000000010000010000000001100000011100000001101110111111100000100000000000
00001110110011110000001000000000000000000000000000000000111111100000101000000000000011101100111100000101000000000000111010001100
10001010100111010000011111111110000010010000000000010010000011110000000100000011011011000000000000000000000100000000000000000000
10000000000000000000000000000000000001100000000000000000000000001000000000000000000000000000000000000000000000000000000000000000
01000011111101000000010100000000010101000111011110100000110000100110000000000000000000000000000001100000000000000000000000000000
00000001100000001100001000000000000000000000111000000000000011101000110010001010100110111110110010001000110011000000001000001000
00000111011100000110111000101101011010010110111100101101001100100000010000001001000001110111000001101111011100100111010000101101
00110000001100000011000100000110000000100000000000010100000100000001010000000101000000011100000010101000000010110000001000000010
00000000000000000000000000000001000010000010101100000110000000010000010000000001100000011100000001101110111111100000100000000000
00001110110011110000001000000000000000000000000000000000111111100000101000000000000011101100111100000101000000000000111010001100
10001010100110111110101111111110000010010000000000010010000011110000000100000011011011000000000000000000000100000000000000000000
10000000000000000000000000000000000001100000000000000000000000001000000000000000000000000000000000000000000000000000000000000000
01000011111101000000010100000000101101111101010110100000110000100110000000000000000000000000000001100000000000000000000000000000
00000001100000001100001000000000000000000000111000000000000011101000110010001010100111001110001110001000110011000000001000001000
00000111011100000110111000101101011010010110111100101101001101000000010000001001000001110111000001101111011100100111010000101101
00110000001100000011000100000110000000100000000000010100000100000001010000000101000000011100000010101000000010110000010000000010
00000000000000000000000000000001000010000010101100000110000000010000010000000001100000011100000001101110111111100000100000000000
00001110110011110000001000000000000000000000000000000000111111100000101000000000000011101100111100000101000000000000111010001100
10001010100111001110001011111110000010010000000000010010000011110000000100000011011011000000000000000000000100000000000000000000
10000000000000000000000000000000000001100000000000000000000000001000000000000000000000000000000000000000000000000000000000000000
01000011111101000000010100000000011011101110100010101000110000100110000000000000000000000000000001100000000000000000000000000000
00000001100000001100001000000000000000000000111000000000000011101000110010001010100111010011000010001000110011000000001000001000
00000111011100000110111000101101011010010110111100101101001100110000010000001001000001110111000001101111011100100111010000101101
00110000001100000011000100000110000000100000000000010100000100000001010000000101000000011100000010101000000010110000001100000010
00000000000000000000000000000001000010000010101100000110000000010000010000000001100000011100000001101110111111100000100000000000
00001110110011110000001000000000000000000000000000000000111111100000101000000000000011101100111100000101000000000000111010001100
10001010100111010010111111111110000010010000000000010010000011110000000100000011011011000000000000000000000100000000000000000000
10000000000000000000000000000000000001100000000000000000000000001000000000000000000000000000000000000000000000000000000000000000
01000011111101000000010100000000010001010000000111100010110000100110000000000000000000000000000001100000000000000000000000000000
00000001100000001100001000000000000000000000111000000000000011101000110010001010100111010000100010001000110011000000001000001000
00000111011100000110111000101101011010010110111100101101001100010000010000001001000001110111000001101111011100100111010000101101
00110000001100000011000100000110000000100000000000010100000100000001010000000101000000011100000010101000000010110000000100000010
00000000000000000000000000000001000010000010101100000110000000010000010000000001100000011100000001101110111111100000100000000000
00001110110011110000001000000000000000000000000000000000111111100000101000000000000011101100111100000101000000000000111010001100
10001010100111010000011111111110000010010000000000010010000011110000000100000011011011000000000000000000000100000000000000000000
10000000000000000000000000000000000001100000000000000000000000000101110000000000000000000000000000000000000000000000000000000000
01000011111101000000010100000000110001100010001011101000110000100011110000000000000000000000000000111100000000000000000000000000
11111111111111111111111111111111111111111111111100000000000011101000110010001010100111010000011100001000000001100000000000000001
00001000000000000000011000000100000000000000000100000000000011101000110010001010100111010000011111000000101010000000101100000001
00011110000001101110000101000000110000001010100011000000101010000000101100000011000000000000000000000000000000000000000000000000
00000000000000000000000000000000000000000000000000000000000000000000000000000000000000000000000001011100000000000000000000000000
00000110000000000000000000000000100000000000000000000000000000000000000000000000000000000000000001000011111101000000010100000000
00111100101111111110110011000010011000000000000000000000000000000110000000000000000000000000000000000001100000001100001000000000
00000000000011100000000000001110100011001000101010011011111011001000100011001100000000100000100000000111011100000110111000101101
01101001011011110010110100110010000001000000100100000111011100000110111101110010011101000010110100110000001100000011000100000110
00000010000000000001010000010000000101000000010100000001110000001010100000001011000000100000001000000000000000000000000000000001
00001000001010110000011000000001000001000000000110000001110000000110111011111110000010000000000000001110110011110000001000000000
00000000000000000000000011111110000010100000000000001110110011110000010100000000000011101000110010001010100110111110101111111110
00001001000000000001001000001111000000010000001101101100000000000000000000010000000000000000000010000000000000000000000000000000
00000110000000000000000000000000100000000000000000000000000000000000000000000000000000000000000001000011111101000000010100000000
11111000000111011110110111000010011000000000000000000000000000000110000000000000000000000000000000000001100000001100001000000000
00000000000011100000000000001110100011001000101010011100111000111000100011001100000000100000100000000111011100000110111000101101
01101001011011110010110100110100000001000000100100000111011100000110111101110010011101000010110100110000001100000011000100000110
00000010000000000001010000010000000101000000010100000001110000001010100000001011000001000000001000000000000000000000000000000001
00001000001010110000011000000001000001000000000110000001110000000110111011111110000010000000000000001110110011110000001000000000
00000000000000000000000011111110000010100000000000001110110011110000010100000000000011101000110010001010100111001110001011111110
00001001000000000001001000001111000000010000001101101100000000000000000000010000000000000000000010000000000000000000000000000000
00000110000000000000000000000000100000000000000000000000000000000000000000000000000000000000000001000011111101000000010100000000
10111110001100001111010111000010011000000000000000000000000000000110000000000000000000000000000000000001100000001100001000000000
00000000000011100000000000001110100011001000101010011101001100001000100011001100000000100000100000000111011100000110111000101101
01101001011011110010110100110011000001000000100100000111011100000110111101110010011101000010110100110000001100000011000100000110
00000010000000000001010000010000000101000000010100000001110000001010100000001011000000110000001000000000000000000000000000000001
00001000001010110000011000000001000001000000000110000001110000000110111011111110000010000000000000001110110011110000001000000000
00000000000000000000000011111110000010100000000000001110110011110000010100000000000011101000110010001010100111010010111111111110
00001001000000000001001000001111000000010000001101101100000000000000000000010000000000000000000010000000000000000000000000000000
00000110000000000000000000000000110111000000000000000000000000000000000000000000000000000000000001000011111101000000010100000000
10001111110010010000101111000011101110010000000000000000000000001011100100000000000000000000000000000001100000001100001000000000
00000000000011100000000000011011000110111011111111111010110010011000100011001100000000100000100000000111011100000110001101110011
00110111001011010111000001100011000001000000100100000111011100000110111101110010011101000010110100110000001100000011000100000110
00000010000000000001010000001010000001110101000001000011010100110011011100101101010100000100001100001100010010000101001101001001
01000101010011010100010101001110010100110010000001000001010001110010000001010011010010010100110101000001010101000100100101000011
00100000010001100110100101100101011011000110010000100000010100000100011100100000010011010011010000101100001101100100010101010011
00110111001101110011000100110110001011010011001001000011010000010011000100110000001011010011000001000011010000100011010000101100
01000110001101010011100100110101001100110011011000110111001110000010000000101011001000000110010101101110011001110110100101101110
01100101011001010111001001101001011011100110011100001110000001000000000010000000000000001000000000010000000101000000010100000001
00000000000000000000000000000000000000100000000000000000000000000000000100001000001010110000011000000001000001000000000110000001
11000000011011101111111000001000000000000000111011001111000000100000000000000000000000000000000011111110000010100000000000001110
11001111000001010000000000011011000110111011111111111010110010011111111000001001000000000001001000001111000000010000001111101100
00000011000000000001111000000000000000000000000000000000000000001101110000000000000000000000000000000110000000000000000000000000
10000000000000000000000000000000000000000000000000000000000000000100001111110100000001010000000001011111010010010010111011000011
01100000000000000000000000000000011000000000000000000000000000000000000110000000110000100000000000000000000011100000000000001110
10001100100010101001110100001000100010001100110000000010000010000000011101110000011011100010110101101001011011110010110100110001
00000100000010010000011101110000011011110111001001110100001011010011000000110000001100010000011000000010000000000001010000010000
00010100000001010000000111000000101010000000101100000001000000100000000000000000000000000000000100001000001010110000011000000001
00000100000000011000000111000000011011101111111000001000000000000000111011001111000000100000000000000000000000000000000011111110
00001010000000000000111011001111000001010000000000001110100011001000101010011101000001111111111000001001000000000001001000001111
00000001000000110110110000000000000000000001000000000000000000001000000000000000000000000000000000000110000000000000000000000000
10000000000000000000000000000000000000000000000000000000000000000100001111110100000001010000000001010011000010000011100111000011
01100000000000000000000000000000011000000000000000000000000000000000000110000000110000100000000000000000000011100000000000001110
10001100100010101001101111101100100010001100110000000010000010000000011101110000011011100010110101101001011011110010110100110010
00000100000010010000011101110000011011110111001001110100001011010011000000110000001100010000011000000010000000000001010000010000
00010100000001010000000111000000101010000000101100000010000000100000000000000000000000000000000100001000001010110000011000000001
00000100000000011000000111000000011011101111111000001000000000000000111011001111000000100000000000000000000000000000000011111110
00001010000000000000111011001111000001010000000000001110100011001000101010011011111010111111111000001001000000000001001000001111
00000001000000110110110000000000000000000001000000000000000000001000000000000000000000000000000000000110000000000000000000000000
10000000000000000000000000000000000000000000000000000000000000000100001111110100000001010000000010100111011001100011100111000011
01100000000000000000000000000000011000000000000000000000000000000000000110000000110000100000000000000000000011100000000000001110
10001100100010101001110011100011100010001100110000000010000010000000011101110000011011100010110101101001011011110010110100110100
00000100000010010000011101110000011011110111001001110100001011010011000000110000001100010000011000000010000000000001010000010000
00010100000001010000000111000000101010000000101100000100000000100000000000000000000000000000000100001000001010110000011000000001
00000100000000011000000111000000011011101111111000001000000000000000111011001111000000100000000000000000000000000000000011111110
00001010000000000000111011001111000001010000000000001110100011001000101010011100111000101111111000001001000000000001001000001111
00000001000000110110110000000000000000000001000000000000000000001000000000000000000000000000000000000110000000000000000000000000
10000000000000000000000000000000000000000000000000000000000000000100001111110100000001010000000001000101011110010100000111000011
01100000000000000000000000000000011000000000000000000000000000000000000110000000110000100000000000000000000011100000000000001110
10001100100010101001110100110000100010001100110000000010000010000000011101110000011011100010110101101001011011110010110100110011
00000100000010010000011101110000011011110111001001110100001011010011000000110000001100010000011000000010000000000001010000010000
00010100000001010000000111000000101010000000101100000011000000100000000000000000000000000000000100001000001010110000011000000001
00000100000000011000000111000000011011101111111000001000000000000000111011001111000000100000000000000000000000000000000011111110
00001010000000000000111011001111000001010000000000001110100011001000101010011101001011111111111000001001000000000001001000001111
00000001000000110110110000000000000000000001000000000000000000001000000000000000000000000000000000000110000000000000000000000000
10000000000000000000000000000000000000000000000000000000000000000100001111110100000001010000000011001101100100010111101011000011
01100000000000000000000000000000011000000000000000000000000000000000000110000000110000100000000000000000000011100000000000001110
10001100100010101001110100001000100010001100110000000010000010000000011101110000011011100010110101101001011011110010110100110001
00000100000010010000011101110000011011110111001001110100001011010011000000110000001100010000011000000010000000000001010000010000
00010100000001010000000111000000101010000000101100000001000000100000000000000000000000000000000100001000001010110000011000000001
00000100000000011000000111000000011011101111111000001000000000000000111011001111000000100000000000000000000000000000000011111110
00001010000000000000111011001111000001010000000000001110100011001000101010011101000001111111111000001001000000000001001000001111
00000001000000110110110000000000000000000001000000000000000000001000000000000000000000000000000000000110000000000000000000000000
10000000000000000000000000000000000000000000000000000000000000000100001111110100000001010000000001111011010011111000010111000011
01100000000000000000000000000000011000000000000000000000000000000000000110000000110000100000000000000000000011100000000000001110
10001100100010101001101111101100100010001100110000000010000010000000011101110000011011100010110101101001011011110010110100110010
00000100000010010000011101110000011011110111001001110100001011010011000000110000001100010000011000000010000000000001010000010000
00010100000001010000000111000000101010000000101100000010000000100000000000000000000000000000000100001000001010110000011000000001
00000100000000011000000111000000011011101111111000001000000000000000111011001111000000100000000000000000000000000000000011111110
00001010000000000000111011001111000001010000000000001110100011001000101010011011111010111111111000001001000000000001001000001111
00000001000000110110110000000000000000000001000000000000000000001000000000000000000000000000000000000110000000000000000000000000
10000000000000000000000000000000000000000000000000000000000000000100001111110100000001010000000011100010101011101000010111000011
01100000000000000000000000000000011000000000000000000000000000000000000110000000110000100000000000000000000011100000000000001110
10001100100010101001110011100011100010001100110000000010000010000000011101110000011011100010110101101001011011110010110100110100
00000100000010010000011101110000011011110111001001110100001011010011000000110000001100010000011000000010000000000001010000010000
00010100000001010000000111000000101010000000101100000100000000100000000000000000000000000000000100001000001010110000011000000001
00000100000000011000000111000000011011101111111000001000000000000000111011001111000000100000000000000000000000000000000011111110
00001010000000000000111011001111000001010000000000001110100011001000101010011100111000101111111000001001000000000001001000001111
00000001000000110110110000000000000000000001000000000000000000001000000000000000000000000000000000000110000000000000000000000000
11011100000000000000000000000000000000000000000000000000000000000100001111110100000001010000000010001010110111001000010111000011
10111001000000000000000000000000101110010000000000000000000000000000000110000000110000100000000000000000000011100000000000011011
00011011101111111111101011001001100010001100110000000010000010000000011101110000011000110111001100110111001011010111000001100011
00000100000010010000011101110000011011110111001001110100001011010011000000110000001100010000011000000010000000000001010000001010
00000111010100000100001101010011001101110010110101010000010000110000110001001000010100110100100101000101010011010100010101001110
01010011001000000100000101000111001000000101001101001001010011010100000101010100010010010100001100100000010001100110100101100101
01101100011001000010000001010000010001110010000001001101001101000010110000110110010001010101001100110111001101110011000100110110
00101101001100100100001101000001001100010011000000101101001100000100001101000010001101000010110001000110001101010011100100110101
00110011001101100011011100111000001000000010101100100000011001010110111001100111011010010110111001100101011001010111001001101001
01101110011001110000111000000100000000001000000000000000100000000001000000010100000001010000000100000000000000000000000000000000
00000010000000000000000000000000000000010000100000101011000001100000000100000100000000011000000111000000011011101111111000001000
00000000000011101100111100000010000000000000000000000000000000001111111000001010000000000000111011001111000001010000000000011011
00011011101111111111101011001001111111100000100100000000000100100000111100000001000000111110110000000011000000000001111000000000
00000000000000000000000000000000110111000000000000000000000000000000011000000000000000000000000010000000000000000000000000000000
00000000000000000000000000000000010000111111010000000101000000001100010011000001100011011100001101100000000000000000000000000000
01100000000000000000000000000000000000011000000011000010000000000000000000001110000000000000111010001100100010101001110100110000
10001000110011000000001000001000000001110111000001101110001011010110100101101111001011010011001100000100000010010000011101110000
01101111011100100111010000101101001100000011000000110001000001100000001000000000000101000001000000010100000001010000000111000000
10101000000010110000001100000010000000000000000000000000000000010000100000101011000001100000000100000100000000011000000111000000
01101110111111100000100000000000000011101100111100000010000000000000000000000000000000001111111000001010000000000000111011001111
00000101000000000000111010001100100010101001110100101111111111100000100100000000000100100000111100000001000000110110110000000000
00000000000100000000000000000000100000000000000000000000000000000000010100000000000000000000000001101100000000000000000000000000
00000000000000000000000000000000010000111111010000000101000000000100001111011101100100001100001100000001000000000001110000000000
01000011011011110111010101101110011101000110010101110010011100110010000001110000011100100110111101110110011010010110010001100101
01100100001000000110001001111001001000000110010001110101011011010111000001100011011000010111000000000010000000000000100000000000
01000011111101000000010100000000010000111111110100010110110000100000001100000000000010000000000001000011111101000000010100000000
01000011110111011001000011000011000001000000000000001000000000000001100100000000000000000000000000000000000000000000000000000000
00000101000000000000100000000000000000000000000000000000000000000000000000000000000000000000000000000000000000000000000000000000
