108 82 41 32 67 111 114 101 40 84 77 41 32 105 55
45 53 52 48 77 32 67 80 85 32 64 32 51 46 48
48 72 122 32 40 119 105 116 104 32 83 83 69 52 46
50 0 0 3 0 43 0 54 52 45 98 105 116 32 87
105 100 111 119 115 32 55 32 83 101 114 118 105 99 101
32 97 99 107 32 49 44 32 98 117 105 108 100 32 55
54 49 0 4 0 50 0 68 117 109 112 99 97 112 32
40 105 114 101 115 104 97 114 107 41 32 52 46 48 46
51 40 118 52 46 48 46 51 45 48 45 103 99 53 53
50 55 52 99 100 99 50 51 41 0 0 0 0 0 0
196 0 0 1 0 0 0 168 0 0 0 1 0 0 0
0 4 0 2 0 50 0 92 68 101 118 105 99 101 92
78 70 95 123 53 70 57 51 56 69 65 67 45 68 54
65 45 52 55 52 53 45 66 69 54 68 45 53 57 54
67 66 55 66 53 69 66 70 125 0 0 3 0 26 0
91 49 93 32 76 111 99 97 108 32 65 114 101 97 32
67 110 110 101 99 116 105 111 110 0 0 9 0 1 0
6 0 0 12 0 43 0 54 52 45 98 105 116 32 87
105 100 111 119 115 32 55 32 83 101 114 118 105 99 101
32 97 99 107 32 49 44 32 98 117 105 108 100 32 55
54 49 0 0 0 0 0 168 0 0 0 6 0 0 0
128 0 0 0 0 0 0 67 244 5 0 122 225 189 241
96 0 0 96 0 0 0 1 128 194 0 0 14 0 14
140 157 48 136 204 2 8 7 112 110 45 105 111 45 51
4 7 112 111 114 116 45 48 48 49 6 2 0 20 16
20 1 192 168 11 3 2 0 0 0 1 8 43 6 1
4 129 192 110 254 8 0 14 207 2 0 0 0 0 254
10 14 207 5 0 14 140 138 157 47 254 9 0 18 15
1 108 0 0 16 0 0 128 0 0 0 6 0 0 0
220 0 0 0 0 0 0 67 244 5 0 74 94 199 241
185 0 0 185 0 0 0 1 128 194 0 0 14 0 27
27 250 201 136 204 2 8 7 112 99 115 55 45 112 99
4 7 112 111 114 116 45 48 48 49 6 2 0 20 10
7 67 83 55 45 80 67 12 72 83 73 69 77 69 78
83 65 71 32 83 73 77 65 84 73 67 32 70 105 101
108 32 80 71 32 77 52 44 54 69 83 55 55 49 54
45 67 65 49 48 45 48 67 66 52 44 70 53 57 53
51 55 56 32 43 32 101 110 103 105 110 101 101 114 105
110 14 4 0 128 0 128 16 20 5 1 0 0 0 0
2 0 0 1 8 43 6 1 4 1 129 192 110 254 8
0 207 2 0 0 0 0 254 10 0 14 207 5 0 27
27 250 201 254 9 0 18 15 1 3 236 3 0 30 0
0 0 0 220 0 0 0 6 0 0 0 128 0 0 0
0 0 0 67 244 5 0 150 232 246 241 96 0 0 0
96 0 0 1 128 194 0 0 14 0 14 140 138 157 8
136 2 8 7 112 110 45 105 111 45 49 4 9 7 112
111 116 45 48 48 49 6 2 0 20 16 20 5 1 192
168 1 2 0 0 0 1 8 43 6 1 4 1 129 192
110 8 0 14 207 2 0 0 0 0 254 10 0 14 207
5 14 140 138 157 7 254 9 0 18 15 1 3 108 0
0 0 0 128 0 0 0 6 0 0 0 128 0 0 0
0 0 0 67 244 5 0 191 175 1 242 96 0 0 0
96 0 0 1 128 194 0 0 14 0 14 140 138 155 236
136 2 8 7 112 110 45 105 111 45 50 4 9 7 112
111 116 45 48 48 49 6 2 0 20 16 20 5 1 192
168 2 2 0 0 0 1 8 43 6 1 4 1 129 192
110 8 0 14 207 2 0 0 0 0 254 10 0 14 207
5 14 140 138 155 235 254 9 0 18 15 1 3 108 0
0 0 0 128 0 0 0 6 0 0 0 128 0 0 0
0 0 0 67 244 5 0 57 252 1 242 96 0 0 0
96 0 0 1 128 194 0 0 14 0 14 140 138 156 227
136 2 8 7 112 110 45 105 111 45 52 4 9 7 112
111 116 45 48 48 49 6 2 0 20 16 20 5 1 192
168 4 2 0 0 0 1 8 43 6 1 4 1 129 192
110 8 0 14 207 2 0 0 0 0 254 10 0 14 207
5 14 140 138 156 226 254 9 0 18 15 1 3 108 0
0 0 0 128 0 0 0 6 0 0 0 128 0 0 0
0 0 0 67 244 5 0 6 41 10 242 96 0 0 0
96 0 0 1 128 194 0 0 14 0 14 140 138 157 48
136 2 8 7 112 110 45 105 111 45 51 4 9 7 112
111 116 45 48 48 49 6 2 0 20 16 20 5 1 192
168 3 2 0 0 0 1 8 43 6 1 4 1 129 192
110 8 0 14 207 2 0 0 0 0 254 10 0 14 207
5 14 140 138 157 47 254 9 0 18 15 1 3 108 0
0 0 0 128 0 0 0 6 0 0 0 220 0 0 0
0 0 0 67 244 5 0 122 113 65 242 185 0 0 0
185 0 0 1 128 194 0 0 14 0 27 27 191 250 201
136 2 8 7 112 99 115 55 45 112 99 4 9 7 112
111 116 45 48 48 49 6 2 0 20 10 7 80 67 83
55 80 67 12 72 83 73 69 77 69 78 83 32 65 71
32 73 77 65 84 73 67 32 70 105 101 108 100 32 80
71 77 52 44 54 69 83 55 55 49 54 45 50 67 65
49 45 48 67 66 52 44 70 53 57 53 51 54 55 56
32 32 101 110 103 105 110 101 101 114 105 110 103 14 4
0 0 128 16 20 5 1 0 0 0 0 2 0 0 0
1 43 6 1 4 1 129 192 110 254 8 0 14 207 2
0 0 0 254 10 0 14 207 5 0 27 27 191 250 201
254 0 18 15 1 3 236 3 0 30 0 0 0 0 0
220 0 0 6 0 0 0 128 0 0 0 0 0 0 0
67 5 0 170 48 67 242 96 0 0 0 96 0 0 0
1 194 0 0 14 0 14 140 138 157 8 136 204 2 8
7 110 45 105 111 45 49 4 9 7 112 111 114 116 45
48 49 6 2 0 20 16 20 5 1 192 168 11 1 2
0 0 1 8 43 6 1 4 1 129 192 110 254 8 0
14 2 0 0 0 0 254 10 0 14 207 5 0 14 140
138 7 254 9 0 18 15 1 3 108 0 0 16 0 0
128 0 0 6 0 0 0 128 0 0 0 0 0 0 0
67 5 0 16 248 77 242 96 0 0 0 96 0 0 0
1 194 0 0 14 0 14 140 138 155 236 136 204 2 8
7 110 45 105 111 45 50 4 9 7 112 111 114 116 45
48 49 6 2 0 20 16 20 5 1 192 168 11 2 2
0 0 1 8 43 6 1 4 1 129 192 110 254 8 0
14 2 0 0 0 0 254 10 0 14 207 5 0 14 140
138 235 254 9 0 18 15 1 3 108 0 0 16 0 0
128 0 0 6 0 0 0 128 0 0 0 0 0 0 0
67 5 0 211 68 78 242 96 0 0 0 96 0 0 0
1 194 0 0 14 0 14 140 138 156 227 136 204 2 8
7 110 45 105 111 45 52 4 9 7 112 111 114 116 45
48 49 6 2 0 20 16 20 5 1 192 168 11 4 2
0 0 1 8 43 6 1 4 1 129 192 110 254 8 0
14 2 0 0 0 0 254 10 0 14 207 5 0 14 140
138 226 254 9 0 18 15 1 3 108 0 0 16 0 0
128 0 0 6 0 0 0 128 0 0 0 0 0 0 0
67 5 0 151 113 86 242 96 0 0 0 96 0 0 0
1 194 0 0 14 0 14 140 138 157 48 136 204 2 8
7 110 45 105 111 45 51 4 9 7 112 111 114 116 45
48 49 6 2 0 20 16 20 5 1 192 168 11 3 2
0 0 1 8 43 6 1 4 1 129 192 110 254 8 0
14 2 0 0 0 0 254 10 0 14 207 5 0 14 140
138 47 254 9 0 18 15 1 3 108 0 0 16 0 0
128 0 0 6 0 0 0 128 0 0 0 0 0 0 0
67 5 0 67 120 143 242 96 0 0 0 96 0 0 0
1 194 0 0 14 0 14 140 138 157 8 136 204 2 8
7 110 45 105 111 45 49 4 9 7 112 111 114 116 45
48 49 6 2 0 20 16 20 5 1 192 168 11 1 2
0 0 1 8 43 6 1 4 1 129 192 110 254 8 0
14 2 0 0 0 0 254 10 0 14 207 5 0 14 140
138 7 254 9 0 18 15 1 3 108 0 0 16 0 0
128 0 0 6 0 0 0 128 0 0 0 0 0 0 0
67 5 0 57 64 154 242 96 0 0 0 96 0 0 0
1 194 0 0 14 0 14 140 138 155 236 136 204 2 8
7 110 45 105 111 45 50 4 9 7 112 111 114 116 45
48 49 6 2 0 20 16 20 5 1 192 168 11 2 2
0 0 1 8 43 6 1 4 1 129 192 110 254 8 0
14 2 0 0 0 0 254 10 0 14 207 5 0 14 140
138 235 254 9 0 18 15 1 3 108 0 0 16 0 0
128 0 0 6 0 0 0 128 0 0 0 0 0 0 0
67 5 0 115 141 154 242 96 0 0 0 96 0 0 0
1 194 0 0 14 0 14 140 138 156 227 136 204 2 8
7 110 45 105 111 45 52 4 9 7 112 111 114 116 45
48 49 6 2 0 20 16 20 5 1 192 168 11 4 2
0 0 1 8 43 6 1 4 1 129 192 110 254 8 0
14 2 0 0 0 0 254 10 0 14 207 5 0 14 140
138 226 254 9 0 18 15 1 3 108 0 0 16 0 0
128 0 0 6 0 0 0 128 0 0 0 0 0 0 0
67 5 0 213 185 162 242 96 0 0 0 96 0 0 0
1 194 0 0 14 0 14 140 138 157 48 136 204 2 8
7 110 45 105 111 45 51 4 9 7 112 111 114 116 45
48 49 6 2 0 20 16 20 5 1 192 168 11 3 2
0 0 1 8 43 6 1 4 1 129 192 110 254 8 0
14 2 0 0 0 0 254 10 0 14 207 5 0 14 140
138 47 254 9 0 18 15 1 3 108 0 0 16 0 0
128 0 0 6 0 0 0 220 0 0 0 0 0 0 0
67 5 0 160 132 187 242 185 0 0 0 185 0 0 0
1 194 0 0 14 0 27 27 191 250 201 136 204 2 8
7 99 115 55 45 112 99 4 9 7 112 111 114 116 45
48 49 6 2 0 20 10 7 80 67 83 55 45 80 67
12 83 73 69 77 69 78 83 32 65 71 32 83 73 77
65 73 67 32 70 105 101 108 100 32 80 71 32 77 52
44 69 83 55 55 49 54 45 50 67 65 49 48 45 48
67 52 44 70 53 57 53 51 54 55 56 32 43 32 101
110 105 110 101 101 114 105 110 103 14 4 0 128 0 128
16 5 1 0 0 0 0 2 0 0 0 1 8 43 6
1 1 129 192 110 254 8 0 14 207 2 0 0 0 0
254 0 14 207 5 0 27 27 191 250 201 254 9 0 18
15 3 236 3 0 30 0 0 0 0 0 220 0 0 0
6 0 0 92 0 0 0 0 0 0 0 67 244 5 0
114 196 242 60 0 0 0 60 0 0 0 255 255 255 255
255 0 14 140 138 157 47 8 6 0 1 8 0 6 4
0 0 14 140 138 157 47 192 168 11 3 0 14 140 138
155 192 168 11 1 0 0 0 0 0 0 0 0 0 0
0 0 0 0 0 0 0 92 0 0 0 6 0 0 0
128 0 0 0 0 0 0 67 244 5 0 147 193 219 242
96 0 0 96 0 0 0 1 128 194 0 0 14 0 14
140 157 8 136 204 2 8 7 112 110 45 105 111 45 49
4 7 112 111 114 116 45 48 48 49 6 2 0 20 16
20 1 192 168 11 1 2 0 0 0 1 8 43 6 1
4 129 192 110 254 8 0 14 207 2 0 0 0 0 254
10 14 207 5 0 14 140 138 157 7 254 9 0 18 15
1 108 0 0 16 0 0 128 0 0 0 6 0 0 0
8 0 0 0 0 0 0 67 244 5 0 98 228 224 242
230 0 0 230 1 0 0 1 0 94 127 255 250 0 27
27 250 201 8 0 69 0 1 216 57 118 0 0 1 17
194 192 168 11 10 239 255 255 250 7 108 7 108 1 196
189 78 79 84 73 70 89 32 42 32 72 84 84 80 47
49 49 13 10 72 111 115 116 58 50 51 57 46 50 53
53 50 53 53 46 50 53 48 58 49 57 48 48 13 10
78 58 117 117 105 100 58 57 52 97 57 102 56 50 49
45 98 50 57 45 52 49 53 52 45 56 100 99 50 45
48 52 53 100 99 99 52 50 98 100 99 13 10 78 84
83 115 115 100 112 58 97 108 105 118 101 13 10 76 111
99 116 105 111 110 58 104 116 116 112 58 47 47 49 57
50 49 54 56 46 49 49 46 49 48 58 50 56 54 57
47 112 110 112 104 111 115 116 47 117 100 104 105 115 97
112 46 100 108 108 63 99 111 110 116 101 110 116 61 117
117 100 58 57 52 97 57 102 56 50 49 45 99 98 50
57 52 49 53 52 45 56 100 99 50 45 48 55 52 53
100 99 52 50 98 100 99 13 10 85 83 78 58 117 117
105 58 57 52 97 57 102 56 50 49 45 99 98 50 57
45 49 53 52 45 56 100 99 50 45 48 55 52 53 100
99 52 50 98 100 99 13 10 67 97 99 104 101 45 67
111 116 114 111 108 58 109 97 120 45 97 103 101 61 57
48 13 10 83 101 114 118 101 114 58 77 105 99 114 111
115 102 116 45 87 105 110 100 111 119 115 45 78 84 47
53 49 32 85 80 110 80 47 49 46 48 32 85 80 110
80 68 101 118 105 99 101 45 72 111 115 116 47 49 46
48 10 79 80 84 58 34 104 116 116 112 58 47 47 115
99 101 109 97 115 46 117 112 110 112 46 111 114 103 47
117 110 112 47 49 47 48 47 34 59 32 110 115 61 48
49 10 48 49 45 78 76 83 58 53 101 48 57 102 98
99 48 51 101 54 49 52 49 99 99 56 53 55 54 57
100 57 101 53 100 101 48 55 50 13 10 13 10 0 0
8 0 0 6 0 0 0 36 2 0 0 0 0 0 0
67 5 0 37 229 224 242 2 2 0 0 2 2 0 0
51 0 0 0 12 0 27 27 191 250 201 134 221 96 0
0 1 204 17 1 254 128 0 0 0 0 0 0 165 194
148 75 186 197 44 255 2 0 0 0 0 0 0 0 0
0 0 0 0 12 7 108 7 108 1 204 74 207 78 79
84 70 89 32 42 32 72 84 84 80 47 49 46 49 13
10 111 115 116 58 91 70 70 48 50 58 58 67 93 58
49 48 48 13 10 78 84 58 117 117 105 100 58 57 52
97 102 56 50 49 45 99 98 50 57 45 52 49 53 52
45 100 99 50 45 48 55 52 53 100 99 99 52 50 98
100 13 10 78 84 83 58 115 115 100 112 58 97 108 105
118 13 10 76 111 99 97 116 105 111 110 58 104 116 116
112 47 47 91 102 101 56 48 58 58 97 53 99 50 58
57 98 56 58 52 98 98 97 58 99 53 50 99 93 58
50 54 57 47 117 112 110 112 104 111 115 116 47 117 100
104 115 97 112 105 46 100 108 108 63 99 111 110 116 101
110 61 117 117 105 100 58 57 52 97 57 102 56 50 49
45 98 50 57 45 52 49 53 52 45 56 100 99 50 45
48 52 53 100 99 99 52 50 98 100 99 13 10 85 83
78 117 117 105 100 58 57 52 97 57 102 56 50 49 45
99 50 57 45 52 49 53 52 45 56 100 99 50 45 48
55 53 100 99 99 52 50 98 100 99 13 10 67 97 99
104 45 67 111 110 116 114 111 108 58 109 97 120 45 97
103 61 57 48 48 13 10 83 101 114 118 101 114 58 77
105 114 111 115 111 102 116 45 87 105 110 100 111 119 115
45 84 47 53 46 49 32 85 80 110 80 47 49 46 48
32 80 110 80 45 68 101 118 105 99 101 45 72 111 115
116 49 46 48 13 10 79 80 84 58 34 104 116 116 112
58 47 115 99 104 101 109 97 115 46 117 112 110 112 46
111 103 47 117 112 110 112 47 49 47 48 47 34 59 32
110 61 48 49 13 10 48 49 45 78 76 83 58 53 101
48 102 98 99 102 48 51 101 54 49 52 49 99 99 56
53 54 57 100 48 57 101 53 100 101 48 55 50 13 10
13 0 0 36 2 0 0 6 0 0 0 0 2 0 0
0 0 0 67 244 5 0 113 231 224 242 221 1 0 0
221 0 0 1 0 94 127 255 250 0 27 27 191 250 201
8 69 0 1 207 57 119 0 0 1 17 194 250 192 168
11 239 255 255 250 7 108 7 108 1 187 189 121 78 79
84 70 89 32 42 32 72 84 84 80 47 49 46 49 13
10 111 115 116 58 50 51 57 46 50 53 53 46 50 53
53 50 53 48 58 49 57 48 48 13 10 78 84 58 117
112 112 58 114 111 111 116 100 101 118 105 99 101 13 10
78 83 58 115 115 100 112 58 97 108 105 118 101 13 10
76 99 97 116 105 111 110 58 104 116 116 112 58 47 47
49 50 46 49 54 56 46 49 49 46 49 48 58 50 56
54 47 117 112 110 112 104 111 115 116 47 117 100 104 105
115 112 105 46 100 108 108 63 99 111 110 116 101 110 116
61 117 105 100 58 57 52 97 57 102 56 50 49 45 99
98 57 45 52 49 53 52 45 56 100 99 50 45 48 55
52 100 99 99 52 50 98 100 99 13 10 85 83 78 58
117 105 100 58 57 52 97 57 102 56 50 49 45 99 98
50 45 52 49 53 52 45 56 100 99 50 45 48 55 52
53 99 99 52 50 98 100 99 58 58 117 112 110 112 58
114 111 116 100 101 118 105 99 101 13 10 67 97 99 104
101 67 111 110 116 114 111 108 58 109 97 120 45 97 103
101 57 48 48 13 10 83 101 114 118 101 114 58 77 105
99 111 115 111 102 116 45 87 105 110 100 111 119 115 45
78 47 53 46 49 32 85 80 110 80 47 49 46 48 32
85 110 80 45 68 101 118 105 99 101 45 72 111 115 116
47 46 48 13 10 79 80 84 58 34 104 116 116 112 58
47 115 99 104 101 109 97 115 46 117 112 110 112 46 111
114 47 117 112 110 112 47 49 47 48 47 34 59 32 110
115 48 49 13 10 48 49 45 78 76 83 58 53 101 48
57 98 99 102 48 51 101 54 49 52 49 99 99 56 53
55 57 100 48 57 101 53 100 101 48 55 50 13 10 13
10 0 0 0 2 0 0 6 0 0 0 28 2 0 0
0 0 0 67 244 5 0 239 231 224 242 249 1 0 0
249 0 0 51 51 0 0 0 12 0 27 27 191 250 201
134 96 0 0 0 1 195 17 1 254 128 0 0 0 0
0 165 194 148 184 75 186 197 44 255 2 0 0 0 0
0 0 0 0 0 0 0 0 12 7 108 7 108 1 195
74 78 79 84 73 70 89 32 42 32 72 84 84 80 47
49 49 13 10 72 111 115 116 58 91 70 70 48 50 58
58 93 58 49 57 48 48 13 10 78 84 58 117 112 110
112 114 111 111 116 100 101 118 105 99 101 13 10 78 84
83 115 115 100 112 58 97 108 105 118 101 13 10 76 111
99 116 105 111 110 58 104 116 116 112 58 47 47 91 102
101 48 58 58 97 53 99 50 58 57 52 98 56 58 52
98 97 58 99 53 50 99 93 58 50 56 54 57 47 117
112 112 104 111 115 116 47 117 100 104 105 115 97 112 105
46 108 108 63 99 111 110 116 101 110 116 61 117 117 105
100 57 52 97 57 102 56 50 49 45 99 98 50 57 45
52 53 52 45 56 100 99 50 45 48 55 52 53 100 99
99 50 98 100 99 13 10 85 83 78 58 117 117 105 100
58 52 97 57 102 56 50 49 45 99 98 50 57 45 52
49 52 45 56 100 99 50 45 48 55 52 53 100 99 99
52 98 100 99 58 58 117 112 110 112 58 114 111 111 116
100 118 105 99 101 13 10 67 97 99 104 101 45 67 111
110 114 111 108 58 109 97 120 45 97 103 101 61 57 48
48 10 83 101 114 118 101 114 58 77 105 99 114 111 115
111 116 45 87 105 110 100 111 119 115 45 78 84 47 53
46 32 85 80 110 80 47 49 46 48 32 85 80 110 80
45 101 118 105 99 101 45 72 111 115 116 47 49 46 48
13 79 80 84 58 34 104 116 116 112 58 47 47 115 99
104 109 97 115 46 117 112 110 112 46 111 114 103 47 117
112 112 47 49 47 48 47 34 59 32 110 115 61 48 49
13 48 49 45 78 76 83 58 53 101 48 57 102 98 99
102 51 101 54 49 52 49 99 99 56 53 55 54 57 100
48 101 53 100 101 48 55 50 13 10 13 10 0 0 0
28 0 0 6 0 0 0 64 2 0 0 0 0 0 0
67 5 0 11 243 224 242 31 2 0 0 31 2 0 0
1 94 127 255 250 0 27 27 191 250 201 8 0 69 0
2 57 120 0 0 1 17 194 183 192 168 11 10 239 255
255 7 108 7 108 1 253 189 187 78 79 84 73 70 89
32 32 72 84 84 80 47 49 46 49 13 10 72 111 115
116 50 51 57 46 50 53 53 46 50 53 53 46 50 53
48 49 57 48 48 13 10 78 84 58 117 114 110 58 115
99 101 109 97 115 45 117 112 110 112 45 111 114 103 58
115 114 118 105 99 101 58 67 111 110 110 101 99 116 105
111 77 97 110 97 103 101 114 58 49 13 10 78 84 83
58 115 100 112 58 97 108 105 118 101 13 10 76 111 99
97 105 111 110 58 104 116 116 112 58 47 47 49 57 50
46 54 56 46 49 49 46 49 48 58 50 56 54 57 47
117 110 112 104 111 115 116 47 117 100 104 105 115 97 112
105 100 108 108 63 99 111 110 116 101 110 116 61 117 117
105 58 57 52 97 57 102 56 50 49 45 99 98 50 57
45 49 53 52 45 56 100 99 50 45 48 55 52 53 100
99 52 50 98 100 99 13 10 85 83 78 58 117 117 105
100 57 52 97 57 102 56 50 49 45 99 98 50 57 45
52 53 52 45 56 100 99 50 45 48 55 52 53 100 99
99 50 98 100 99 58 58 117 114 110 58 115 99 104 101
109 115 45 117 112 110 112 45 111 114 103 58 115 101 114
118 99 101 58 67 111 110 110 101 99 116 105 111 110 77
97 97 103 101 114 58 49 13 10 67 97 99 104 101 45
67 110 116 114 111 108 58 109 97 120 45 97 103 101 61
57 48 13 10 83 101 114 118 101 114 58 77 105 99 114
111 111 102 116 45 87 105 110 100 111 119 115 45 78 84
47 46 49 32 85 80 110 80 47 49 46 48 32 85 80
110 45 68 101 118 105 99 101 45 72 111 115 116 47 49
46 13 10 79 80 84 58 34 104 116 116 112 58 47 47
115 104 101 109 97 115 46 117 112 110 112 46 111 114 103
47 112 110 112 47 49 47 48 47 34 59 32 110 115 61
48 13 10 48 49 45 78 76 83 58 53 101 48 57 102
98 102 48 51 101 54 49 52 49 99 99 56 53 55 54
57 48 57 101 53 100 101 48 55 50 13 10 13 10 0
64 0 0 6 0 0 0 92 2 0 0 0 0 0 0
67 5 0 143 243 224 242 59 2 0 0 59 2 0 0
51 0 0 0 12 0 27 27 191 250 201 134 221 96 0
0 2 5 17 1 254 128 0 0 0 0 0 0 165 194
148 75 186 197 44 255 2 0 0 0 0 0 0 0 0
0 0 0 0 12 7 108 7 108 2 5 75 8 78 79
84 70 89 32 42 32 72 84 84 80 47 49 46 49 13
10 111 115 116 58 91 70 70 48 50 58 58 67 93 58
49 48 48 13 10 78 84 58 117 114 110 58 115 99 104
101 97 115 45 117 112 110 112 45 111 114 103 58 115 101
114 105 99 101 58 67 111 110 110 101 99 116 105 111 110
77 110 97 103 101 114 58 49 13 10 78 84 83 58 115
115 112 58 97 108 105 118 101 13 10 76 111 99 97 116
105 110 58 104 116 116 112 58 47 47 91 102 101 56 48
58 97 53 99 50 58 57 52 98 56 58 52 98 98 97
58 53 50 99 93 58 50 56 54 57 47 117 112 110 112
104 115 116 47 117 100 104 105 115 97 112 105 46 100 108
108 99 111 110 116 101 110 116 61 117 117 105 100 58 57
52 57 102 56 50 49 45 99 98 50 57 45 52 49 53
52 56 100 99 50 45 48 55 52 53 100 99 99 52 50
98 99 13 10 85 83 78 58 117 117 105 100 58 57 52
97 102 56 50 49 45 99 98 50 57 45 52 49 53 52
45 100 99 50 45 48 55 52 53 100 99 99 52 50 98
100 58 58 117 114 110 58 115 99 104 101 109 97 115 45
117 110 112 45 111 114 103 58 115 101 114 118 105 99 101
58 111 110 110 101 99 116 105 111 110 77 97 110 97 103
101 58 49 13 10 67 97 99 104 101 45 67 111 110 116
114 108 58 109 97 120 45 97 103 101 61 57 48 48 13
10 101 114 118 101 114 58 77 105 99 114 111 115 111 102
116 87 105 110 100 111 119 115 45 78 84 47 53 46 49
32 80 110 80 47 49 46 48 32 85 80 110 80 45 68
101 105 99 101 45 72 111 115 116 47 49 46 48 13 10
79 84 58 34 104 116 116 112 58 47 47 115 99 104 101
109 115 46 117 112 110 112 46 111 114 103 47 117 112 110
112 49 47 48 47 34 59 32 110 115 61 48 49 13 10
48 45 78 76 83 58 53 101 48 57 102 98 99 102 48
51 54 49 52 49 99 99 56 53 55 54 57 100 48 57
101 100 101 48 55 50 13 10 13 10 0 92 2 0 0
6 0 0 64 2 0 0 0 0 0 0 67 244 5 0
100 224 242 29 2 0 0 29 2 0 0 1 0 94 127
255 0 27 27 191 250 201 8 0 69 0 2 15 57 121
0 1 17 194 184 192 168 11 10 239 255 255 250 7 108
7 1 251 189 185 78 79 84 73 70 89 32 42 32 72
84 80 47 49 46 49 13 10 72 111 115 116 58 50 51
57 50 53 53 46 50 53 53 46 50 53 48 58 49 57
48 13 10 78 84 58 117 114 110 58 115 99 104 101 109
97 45 117 112 110 112 45 111 114 103 58 115 101 114 118
105 101 58 67 111 110 116 101 110 116 68 105 114 101 99
116 114 121 58 49 13 10 78 84 83 58 115 115 100 112
58 108 105 118 101 13 10 76 111 99 97 116 105 111 110
58 116 116 112 58 47 47 49 57 50 46 49 54 56 46
49 46 49 48 58 50 56 54 57 47 117 112 110 112 104
111 116 47 117 100 104 105 115 97 112 105 46 100 108 108
63 111 110 116 101 110 116 61 117 117 105 100 58 57 52
97 102 56 50 49 45 99 98 50 57 45 52 49 53 52
45 100 99 50 45 48 55 52 53 100 99 99 52 50 98
100 13 10 85 83 78 58 117 117 105 100 58 57 52 97
57 56 50 49 45 99 98 50 57 45 52 49 53 52 45
56 99 50 45 48 55 52 53 100 99 99 52 50 98 100
99 58 117 114 110 58 115 99 104 101 109 97 115 45 117
112 112 45 111 114 103 58 115 101 114 118 105 99 101 58
67 110 116 101 110 116 68 105 114 101 99 116 111 114 121
58 13 10 67 97 99 104 101 45 67 111 110 116 114 111
108 109 97 120 45 97 103 101 61 57 48 48 13 10 83
101 118 101 114 58 77 105 99 114 111 115 111 102 116 45
87 110 100 111 119 115 45 78 84 47 53 46 49 32 85
80 80 47 49 46 48 32 85 80 110 80 45 68 101 118
105 101 45 72 111 115 116 47 49 46 48 13 10 79 80
84 34 104 116 116 112 58 47 47 115 99 104 101 109 97
115 117 112 110 112 46 111 114 103 47 117 112 110 112 47
49 48 47 34 59 32 110 115 61 48 49 13 10 48 49
45 76 83 58 53 101 48 57 102 98 99 102 48 51 101
54 52 49 99 99 56 53 55 54 57 100 48 57 101 53
100 48 55 50 13 10 13 10 0 0 0 64 2 0 0
5 0 0 108 0 0 0 0 0 0 0 67 244 5 0
175 227 242 1 0 28 0 67 111 117 110 116 101 114 115
32 114 111 118 105 100 101 100 32 98 121 32 100 117 109
112 97 112 2 0 8 0 67 244 5 0 17 230 189 241
3 8 0 67 244 5 0 175 165 227 242 4 0 8 0
