108 82 41 32 67 111 114 101 40 84 77 41 32 105 55
45 53 52 48 77 32 67 80 85 32 64 32 51 46 48
48 72 122 32 40 119 105 116 104 32 83 83 69 52 46
50 0 0 3 0 43 0 54 52 45 98 105 116 32 87
105 100 111 119 115 32 55 32 83 101 114 118 105 99 101
32 97 99 107 32 49 44 32 98 117 105 108 100 32 55
54 49 0 4 0 50 0 68 117 109 112 99 97 112 32
40 105 114 101 115 104 97 114 107 41 32 52 46 48 46
51 40 118 52 46 48 46 51 45 48 45 103 99 53 53
50 55 52 99 100 99 50 51 41 0 0 0 0 0 0
196 0 0 1 0 0 0 168 0 0 0 1 0 0 0
0 4 0 2 0 50 0 92 68 101 118 105 99 101 92
78 70 95 123 53 70 57 51 56 69 65 67 45 68 54
65 45 52 55 52 53 45 66 69 54 68 45 53 57 54
67 66 55 66 53 69 66 70 125 0 0 3 0 26 0
91 49 93 32 76 111 99 97 108 32 65 114 101 97 32
67 110 110 101 99 116 105 111 110 0 0 9 0 1 0
6 0 0 12 0 43 0 54 52 45 98 105 116 32 87
105 100 111 119 115 32 55 32 83 101 114 118 105 99 101
32 97 99 107 32 49 44 32 98 117 105 108 100 32 55
54 49 0 0 0 0 0 168 0 0 0 6 0 0 0
220 0 0 0 0 0 0 67 244 5 0 199 224 184 201
185 0 0 185 0 0 0 1 128 194 0 0 14 0 27
27 250 201 136 204 2 8 7 112 99 115 55 45 112 99
4 7 112 111 114 116 45 48 48 49 6 2 0 20 10
7 67 83 55 45 80 67 12 72 83 73 69 77 69 78
83 65 71 32 83 73 77 65 84 73 67 32 70 105 101
108 32 80 71 32 77 52 44 54 69 83 55 55 49 54
45 67 65 49 48 45 48 67 66 52 44 70 53 57 53
51 55 56 32 43 32 101 110 103 105 110 101 101 114 105
110 14 4 0 128 0 128 16 20 5 1 0 0 0 0
2 0 0 1 8 43 6 1 4 1 129 192 110 254 8
0 207 2 0 0 0 0 254 10 0 14 207 5 0 27
27 250 201 254 9 0 18 15 1 3 236 3 0 30 0
0 0 0 220 0 0 0 6 0 0 0 128 0 0 0
0 0 0 67 244 5 0 166 139 188 201 96 0 0 0
96 0 0 1 128 194 0 0 14 0 14 140 138 157 8
136 2 8 7 112 110 45 105 111 45 49 4 9 7 112
111 116 45 48 48 49 6 2 0 20 16 20 5 1 192
168 1 2 0 0 0 1 8 43 6 1 4 1 129 192
110 8 0 14 207 2 0 0 0 0 254 10 0 14 207
5 14 140 138 157 7 254 9 0 18 15 1 3 108 0
0 0 0 128 0 0 0 6 0 0 0 128 0 0 0
0 0 0 67 244 5 0 202 75 199 201 96 0 0 0
96 0 0 1 128 194 0 0 14 0 14 140 138 155 236
136 2 8 7 112 110 45 105 111 45 50 4 9 7 112
111 116 45 48 48 49 6 2 0 20 16 20 5 1 192
168 2 2 0 0 0 1 8 43 6 1 4 1 129 192
110 8 0 14 207 2 0 0 0 0 254 10 0 14 207
5 14 140 138 155 235 254 9 0 18 15 1 3 108 0
0 0 0 128 0 0 0 6 0 0 0 128 0 0 0
0 0 0 67 244 5 0 13 168 199 201 96 0 0 0
96 0 0 1 128 194 0 0 14 0 14 140 138 156 227
136 2 8 7 112 110 45 105 111 45 52 4 9 7 112
111 116 45 48 48 49 6 2 0 20 16 20 5 1 192
168 4 2 0 0 0 1 8 43 6 1 4 1 129 192
110 8 0 14 207 2 0 0 0 0 254 10 0 14 207
5 14 140 138 156 226 254 9 0 18 15 1 3 108 0
0 0 0 128 0 0 0 6 0 0 0 128 0 0 0
0 0 0 67 244 5 0 33 190 207 201 96 0 0 0
96 0 0 1 128 194 0 0 14 0 14 140 138 157 48
136 2 8 7 112 110 45 105 111 45 51 4 9 7 112
111 116 45 48 48 49 6 2 0 20 16 20 5 1 192
168 3 2 0 0 0 1 8 43 6 1 4 1 129 192
110 8 0 14 207 2 0 0 0 0 254 10 0 14 207
5 14 140 138 157 47 254 9 0 18 15 1 3 108 0
0 0 0 128 0 0 0 6 0 0 0 92 0 0 0
0 0 0 67 244 5 0 113 198 255 201 60 0 0 0
60 0 0 255 255 255 255 255 255 0 14 140 138 155 235
8 0 1 8 0 6 4 0 1 0 14 140 138 155 235
192 11 2 30 6 219 85 192 168 192 168 11 3 0 0
0 0 0 0 0 0 0 0 0 0 0 0 0 0 0
92 0 0 6 0 0 0 128 0 0 0 0 0 0 0
67 5 0 133 211 8 202 96 0 0 0 96 0 0 0
1 194 0 0 14 0 14 140 138 157 8 136 204 2 8
7 110 45 105 111 45 49 4 9 7 112 111 114 116 45
48 49 6 2 0 20 16 20 5 1 192 168 11 1 2
0 0 1 8 43 6 1 4 1 129 192 110 254 8 0
14 2 0 0 0 0 254 10 0 14 207 5 0 14 140
138 7 254 9 0 18 15 1 3 108 0 0 16 0 0
128 0 0 6 0 0 0 128 0 0 0 0 0 0 0
67 5 0 51 148 19 202 96 0 0 0 96 0 0 0
1 194 0 0 14 0 14 140 138 155 236 136 204 2 8
7 110 45 105 111 45 50 4 9 7 112 111 114 116 45
48 49 6 2 0 20 16 20 5 1 192 168 11 2 2
0 0 1 8 43 6 1 4 1 129 192 110 254 8 0
14 2 0 0 0 0 254 10 0 14 207 5 0 14 140
138 235 254 9 0 18 15 1 3 108 0 0 16 0 0
128 0 0 6 0 0 0 128 0 0 0 0 0 0 0
67 5 0 24 240 19 202 96 0 0 0 96 0 0 0
1 194 0 0 14 0 14 140 138 156 227 136 204 2 8
7 110 45 105 111 45 52 4 9 7 112 111 114 116 45
48 49 6 2 0 20 16 20 5 1 192 168 11 4 2
0 0 1 8 43 6 1 4 1 129 192 110 254 8 0
14 2 0 0 0 0 254 10 0 14 207 5 0 14 140
138 226 254 9 0 18 15 1 3 108 0 0 16 0 0
128 0 0 6 0 0 0 128 0 0 0 0 0 0 0
67 5 0 223 6 28 202 96 0 0 0 96 0 0 0
1 194 0 0 14 0 14 140 138 157 48 136 204 2 8
7 110 45 105 111 45 51 4 9 7 112 111 114 116 45
48 49 6 2 0 20 16 20 5 1 192 168 11 3 2
0 0 1 8 43 6 1 4 1 129 192 110 254 8 0
14 2 0 0 0 0 254 10 0 14 207 5 0 14 140
138 47 254 9 0 18 15 1 3 108 0 0 16 0 0
128 0 0 6 0 0 0 220 0 0 0 0 0 0 0
67 5 0 224 243 50 202 185 0 0 0 185 0 0 0
1 194 0 0 14 0 27 27 191 250 201 136 204 2 8
7 99 115 55 45 112 99 4 9 7 112 111 114 116 45
48 49 6 2 0 20 10 7 80 67 83 55 45 80 67
12 83 73 69 77 69 78 83 32 65 71 32 83 73 77
65 73 67 32 70 105 101 108 100 32 80 71 32 77 52
44 69 83 55 55 49 54 45 50 67 65 49 48 45 48
67 52 44 70 53 57 53 51 54 55 56 32 43 32 101
110 105 110 101 101 114 105 110 103 14 4 0 128 0 128
16 5 1 0 0 0 0 2 0 0 0 1 8 43 6
1 1 129 192 110 254 8 0 14 207 2 0 0 0 0
254 0 14 207 5 0 27 27 191 250 201 254 9 0 18
15 3 236 3 0 30 0 0 0 0 0 220 0 0 0
6 0 0 128 0 0 0 0 0 0 0 67 244 5 0
233 85 202 96 0 0 0 96 0 0 0 1 128 194 0
0 0 14 140 138 157 8 136 204 2 8 7 112 110 45
105 45 49 4 9 7 112 111 114 116 45 48 48 49 6
2 20 16 20 5 1 192 168 11 1 2 0 0 0 1
8 6 1 4 1 129 192 110 254 8 0 14 207 2 0
0 0 254 10 0 14 207 5 0 14 140 138 157 7 254
9 18 15 1 3 108 0 0 16 0 0 128 0 0 0
6 0 0 128 0 0 0 0 0 0 0 67 244 5 0
207 95 202 96 0 0 0 96 0 0 0 1 128 194 0
0 0 14 140 138 155 236 136 204 2 8 7 112 110 45
105 45 50 4 9 7 112 111 114 116 45 48 48 49 6
2 20 16 20 5 1 192 168 11 2 2 0 0 0 1
8 6 1 4 1 129 192 110 254 8 0 14 207 2 0
0 0 254 10 0 14 207 5 0 14 140 138 155 235 254
9 18 15 1 3 108 0 0 16 0 0 128 0 0 0
6 0 0 128 0 0 0 0 0 0 0 67 244 5 0
116 96 202 96 0 0 0 96 0 0 0 1 128 194 0
0 0 14 140 138 156 227 136 204 2 8 7 112 110 45
105 45 52 4 9 7 112 111 114 116 45 48 48 49 6
2 20 16 20 5 1 192 168 11 4 2 0 0 0 1
8 6 1 4 1 129 192 110 254 8 0 14 207 2 0
0 0 254 10 0 14 207 5 0 14 140 138 156 226 254
9 18 15 1 3 108 0 0 16 0 0 128 0 0 0
6 0 0 128 0 0 0 0 0 0 0 67 244 5 0
27 104 202 96 0 0 0 96 0 0 0 1 128 194 0
0 0 14 140 138 157 48 136 204 2 8 7 112 110 45
105 45 51 4 9 7 112 111 114 116 45 48 48 49 6
2 20 16 20 5 1 192 168 11 3 2 0 0 0 1
8 6 1 4 1 129 192 110 254 8 0 14 207 2 0
0 0 254 10 0 14 207 5 0 14 140 138 157 47 254
9 18 15 1 3 108 0 0 16 0 0 128 0 0 0
6 0 0 128 0 0 0 0 0 0 0 67 244 5 0
76 161 202 96 0 0 0 96 0 0 0 1 128 194 0
0 0 14 140 138 157 8 136 204 2 8 7 112 110 45
105 45 49 4 9 7 112 111 114 116 45 48 48 49 6
2 20 16 20 5 1 192 168 11 1 2 0 0 0 1
8 6 1 4 1 129 192 110 254 8 0 14 207 2 0
0 0 254 10 0 14 207 5 0 14 140 138 157 7 254
9 18 15 1 3 108 0 0 16 0 0 128 0 0 0
6 0 0 128 0 0 0 0 0 0 0 67 244 5 0
69 172 202 96 0 0 0 96 0 0 0 1 128 194 0
0 0 14 140 138 155 236 136 204 2 8 7 112 110 45
105 45 50 4 9 7 112 111 114 116 45 48 48 49 6
2 20 16 20 5 1 192 168 11 2 2 0 0 0 1
8 6 1 4 1 129 192 110 254 8 0 14 207 2 0
0 0 254 10 0 14 207 5 0 14 140 138 155 235 254
9 18 15 1 3 108 0 0 16 0 0 128 0 0 0
6 0 0 128 0 0 0 0 0 0 0 67 244 5 0
184 172 202 96 0 0 0 96 0 0 0 1 128 194 0
0 0 14 140 138 156 227 136 204 2 8 7 112 110 45
105 45 52 4 9 7 112 111 114 116 45 48 48 49 6
2 20 16 20 5 1 192 168 11 4 2 0 0 0 1
8 6 1 4 1 129 192 110 254 8 0 14 207 2 0
0 0 254 10 0 14 207 5 0 14 140 138 156 226 254
9 18 15 1 3 108 0 0 16 0 0 128 0 0 0
6 0 0 220 0 0 0 0 0 0 0 67 244 5 0
25 173 202 185 0 0 0 185 0 0 0 1 128 194 0
0 0 27 27 191 250 201 136 204 2 8 7 112 99 115
55 112 99 4 9 7 112 111 114 116 45 48 48 49 6
2 20 10 7 80 67 83 55 45 80 67 12 72 83 73
69 69 78 83 32 65 71 32 83 73 77 65 84 73 67
32 105 101 108 100 32 80 71 32 77 52 44 54 69 83
55 49 54 45 50 67 65 49 48 45 48 67 66 52 44
70 57 53 51 54 55 56 32 43 32 101 110 103 105 110
101 114 105 110 103 14 4 0 128 0 128 16 20 5 1
0 0 0 2 0 0 0 1 8 43 6 1 4 1 129
192 254 8 0 14 207 2 0 0 0 0 254 10 0 14
207 0 27 27 191 250 201 254 9 0 18 15 1 3 236
3 30 0 0 0 0 0 220 0 0 0 6 0 0 0
128 0 0 0 0 0 0 67 244 5 0 89 151 180 202
96 0 0 96 0 0 0 1 128 194 0 0 14 0 14
140 157 48 136 204 2 8 7 112 110 45 105 111 45 51
4 7 112 111 114 116 45 48 48 49 6 2 0 20 16
20 1 192 168 11 3 2 0 0 0 1 8 43 6 1
4 129 192 110 254 8 0 14 207 2 0 0 0 0 254
10 14 207 5 0 14 140 138 157 47 254 9 0 18 15
1 108 0 0 16 0 0 128 0 0 0 6 0 0 0
128 0 0 0 0 0 0 67 244 5 0 153 172 237 202
96 0 0 96 0 0 0 1 128 194 0 0 14 0 14
140 157 8 136 204 2 8 7 112 110 45 105 111 45 49
4 7 112 111 114 116 45 48 48 49 6 2 0 20 16
20 1 192 168 11 1 2 0 0 0 1 8 43 6 1
4 129 192 110 254 8 0 14 207 2 0 0 0 0 254
10 14 207 5 0 14 140 138 157 7 254 9 0 18 15
1 108 0 0 16 0 0 128 0 0 0 6 0 0 0
252 0 0 0 0 0 0 67 244 5 0 250 150 241 202
217 0 0 217 0 0 0 1 0 94 127 255 250 0 27
27 250 201 8 0 69 0 0 203 57 75 0 0 1 17
196 192 168 11 10 239 255 255 250 242 65 7 108 0 183
188 77 45 83 69 65 82 67 72 32 42 32 72 84 84
80 49 46 49 13 10 72 79 83 84 58 32 50 51 57
46 53 53 46 50 53 53 46 50 53 48 58 49 57 48
48 10 77 65 78 58 32 34 115 115 100 112 58 100 105
115 111 118 101 114 34 13 10 77 88 58 32 49 13 10
83 58 32 117 114 110 58 100 105 97 108 45 109 117 108
116 115 99 114 101 101 110 45 111 114 103 58 115 101 114
118 99 101 58 100 105 97 108 58 49 13 10 85 83 69
82 65 71 69 78 84 58 32 71 111 111 103 108 101 32
67 114 111 109 101 47 49 48 57 46 48 46 53 52 49
52 49 50 48 32 87 105 110 100 111 119 115 13 10 13
10 0 0 252 0 0 0 6 0 0 0 128 0 0 0
0 0 0 67 244 5 0 207 108 248 202 96 0 0 0
96 0 0 1 128 194 0 0 14 0 14 140 138 155 236
136 2 8 7 112 110 45 105 111 45 50 4 9 7 112
111 116 45 48 48 49 6 2 0 20 16 20 5 1 192
168 2 2 0 0 0 1 8 43 6 1 4 1 129 192
110 8 0 14 207 2 0 0 0 0 254 10 0 14 207
5 14 140 138 155 235 254 9 0 18 15 1 3 108 0
0 0 0 128 0 0 0 6 0 0 0 128 0 0 0
0 0 0 67 244 5 0 6 201 248 202 96 0 0 0
96 0 0 1 128 194 0 0 14 0 14 140 138 156 227
136 2 8 7 112 110 45 105 111 45 52 4 9 7 112
111 116 45 48 48 49 6 2 0 20 16 20 5 1 192
168 4 2 0 0 0 1 8 43 6 1 4 1 129 192
110 8 0 14 207 2 0 0 0 0 254 10 0 14 207
5 14 140 138 156 226 254 9 0 18 15 1 3 108 0
0 0 0 128 0 0 0 6 0 0 0 128 0 0 0
0 0 0 67 244 5 0 69 224 0 203 96 0 0 0
96 0 0 1 128 194 0 0 14 0 14 140 138 157 48
136 2 8 7 112 110 45 105 111 45 51 4 9 7 112
111 116 45 48 48 49 6 2 0 20 16 20 5 1 192
168 3 2 0 0 0 1 8 43 6 1 4 1 129 192
110 8 0 14 207 2 0 0 0 0 254 10 0 14 207
5 14 140 138 157 47 254 9 0 18 15 1 3 108 0
0 0 0 128 0 0 0 5 0 0 0 108 0 0 0
0 0 0 67 244 5 0 242 113 2 203 1 0 28 0
67 117 110 116 101 114 115 32 112 114 111 118 105 100 101
100 98 121 32 100 117 109 112 99 97 112 2 0 8 0
67 5 0 51 7 152 201 3 0 8 0 67 244 5 0
242 2 203 4 0 8 0 25 0 0 0 0 0 0 0